14044 -100 -82 -42 -62 -52 90 -65 91 -5 18 59 -50 -98 -82 -6 96 70 92 73 -100 60 33 -35 10 -54 26 15 25 77 70 17 1 7 -22 -93 -33 79 -38 87 16 51 -14 -93 -79 13 -70 21 9 -90 -18 -95 -34 55 -33 -67 -21 78 28 -46 -62 29 -28 -74 -35 -48 63 76 25 -59 -83 58 61 -91 -89 -35 -35 -38 34 -34 -41 99 1 -58 -10 47 1 30 0 -98 77 27 -87 -9 50 -21 -71 -51 82 -36 -70 -14 32 -33 -16 -90 -71 38 2 60 50 -98 -63 -95 84 65 61 29 -13 33 -96 9 -75 -49 -73 61 -49 -17
-12 25260 1 94 -38 -55 -82 3 -16 -91 -82 -58 -80 9 19 -90 77 33 91 67 35 -67 -3 -47 -26 40 36 -22 -61 57 -74 84 12 37 47 -20 51 43 88 8 68 -28 -7 61 -87 43 -71 15 -98 32 88 -47 -37 -96 -78 -13 87 -11 -95 -65 76 2 -30 25 -94 -61 82 75 90 72 83 50 -42 87 -2 89 64 59 5 93 -34 -68 4 -6 27 72 66 -38 73 76 -69 77 65 -36 89 -44 -25 -77 -29 39 98 77 6 5 -100 63 -67 77 87 34 25 -58 28 -46 19 60 24 -3 -24 -61 39 -53 17 41 -75 63 -2 -44
-92 84 117927 24 20 31 -84 34 9 -26 -64 -78 16 -55 25 -40 30 -85 -92 29 -62 67 45 -86 -92 -71 46 -87 -55 2 -63 -1 -92 -28 7 -77 -76 28 -84 60 -2 -97 -53 41 -60 48 -87 25 51 -16 37 -78 48 81 59 -32 -77 -63 -20 -56 -47 -21 -1 -48 -67 81 26 63 -24 -36 -52 -24 16 -95 -96 25 -27 26 2 -100 -89 5 -11 65 -91 55 74 20 -87 -59 31 17 -18 49 -31 -26 96 9 21 -48 -39 43 92 -88 -20 41 -85 12 -24 -11 -99 -8 1 -77 5 -4 -92 -70 -29 -50 94 -19 83 84 50 33 12 -90
-49 -5 20 59011 -20 76 63 -45 47 -34 -87 63 -14 -54 93 11 16 21 57 -62 -9 54 -97 -20 33 -95 96 17 95 94 -32 -96 95 -44 -92 76 14 -52 46 -96 -4 -64 -99 -67 33 -48 60 -100 83 -36 -77 76 -44 74 -90 -93 84 92 -15 -92 32 -54 49 90 23 50 91 67 38 58 100 4 -86 68 -69 55 80 30 7 -95 -82 -83 -47 -81 -21 34 92 -77 -21 69 78 94 -54 -31 -52 -54 -32 30 11 -24 31 -66 69 -11 -83 -47 85 -95 -22 -95 77 81 37 78 78 50 92 54 -43 1 66 29 28 -100 37 -37 72 -36
73 0 88 -36 113488 -94 66 74 -85 -29 -19 -88 -50 58 -87 -85 87 48 87 -4 -24 87 -43 -36 83 93 -54 3 22 25 80 7 -68 -27 -8 -72 56 56 54 88 -99 27 -21 54 4 -26 -47 -36 -47 35 -38 30 -21 64 2 100 9 -56 69 33 67 84 51 2 75 10 -82 -27 -58 79 3 77 65 -97 -41 44 46 -8 0 31 76 -14 -12 47 -48 39 55 -50 -46 59 -44 -31 -50 98 53 -18 -54 -6 100 -29 -11 70 69 -42 -37 -44 39 67 -72 -41 55 41 67 70 94 46 -88 52 -71 4 71 96 68 -58 -60 -8 -73 22
-73 98 -97 59 -100 127591 10 -64 -36 68 58 18 79 -79 -70 23 -36 3 -7 -54 45 52 72 83 14 5 -69 -7 -88 -18 70 77 -92 -26 -11 80 41 39 3 29 95 85 86 -13 -26 32 60 -60 -62 94 -85 89 -70 97 -73 63 -34 50 -26 -26 -16 -83 -58 -11 -40 -18 5 19 54 -93 50 -1 92 -30 -62 -30 -5 -38 -36 -1 -72 -61 -1 -10 51 45 -98 -80 2 -57 71 -53 56 -35 22 -55 48 45 7 25 -57 25 71 66 89 -92 52 -41 -34 -49 -8 83 -52 -34 -85 -95 -99 -53 -88 46 21 99 79 44 -90 -44 -85 90
4 -65 44 78 -26 93 67361 64 -40 70 70 34 -11 -5 49 -5 3 9 48 34 -41 30 9 27 -51 70 -63 36 -6 88 56 -77 -68 -9 11 75 13 31 -100 -100 47 84 -35 -60 -92 -71 10 34 -74 48 41 -54 28 27 90 -92 57 63 86 -61 52 -19 -85 96 -69 47 88 68 62 -33 32 -82 60 7 69 19 52 13 -27 -77 8 65 -30 -59 34 71 -57 68 36 -77 -46 6 70 15 -63 -67 -98 0 26 -55 -35 97 45 92 16 93 -84 34 -85 -48 -87 -39 69 25 -49 72 -27 92 47 67 -57 97 21 77 8 93 92 71
10 -20 81 6 -24 -76 -82 84494 75 -78 25 69 -49 93 59 -65 -94 -99 77 60 -8 59 -84 -43 -82 -74 -75 41 -1 34 -80 -10 35 -62 -40 34 -2 -54 -15 97 50 -78 -28 -69 14 7 -96 -67 24 -28 -40 18 61 -40 75 -85 -35 -68 64 -56 78 88 20 26 43 -53 37 -16 16 7 -74 7 -16 95 43 -54 -53 66 37 -18 -50 -88 70 -20 89 -34 42 39 -88 -77 -16 28 17 -39 92 -5 94 85 29 -93 -49 38 10 -89 -58 -9 -39 25 -53 41 -72 -64 96 70 -32 -60 27 -16 15 75 -92 -84 89 61 100 69 65 9
-72 -63 18 23 -83 74 -31 80 99003 -43 -23 83 59 -47 -70 -14 6 -93 -87 61 95 -66 -74 -56 -96 63 87 10 -30 -61 -46 71 1 60 94 -79 14 6 1 90 -59 19 -40 15 33 84 -93 -34 -32 23 -61 -41 83 -47 41 55 -88 57 20 -92 78 -28 69 -89 -99 63 -10 15 -63 -57 15 -75 -11 77 -75 5 97 56 -64 -69 -92 44 -97 -57 -77 -100 100 73 -82 -58 40 -92 -43 85 65 -89 38 66 -37 85 -21 -54 -44 -63 -27 75 -39 97 12 96 22 44 26 -62 -30 69 20 -87 46 -12 -50 -53 -76 7 -79 -10 -84 39
-7 82 -68 21 -20 44 26 -91 1 97299 11 71 60 46 13 -54 -19 59 -11 20 -19 54 -82 97 -30 -50 65 75 -72 15 53 25 25 -84 -22 -46 -22 -43 56 -79 -59 76 -71 -66 -44 35 -77 44 -57 -35 -23 68 72 14 -92 -72 -31 16 -64 81 -79 71 67 -74 -5 -47 29 -25 10 -28 -44 -30 -64 59 17 21 35 -78 75 94 -96 -82 -84 78 -7 22 75 -83 -76 -93 50 85 85 -44 46 32 -41 97 85 35 -73 52 -66 -86 -1 71 -2 49 87 57 28 23 -28 37 -79 -70 6 99 90 16 51 23 75 36 82 17 -17 -100
-57 -67 -15 60 -61 -48 -37 -43 -48 37 111757 47 -18 -9 47 -85 4 19 -5 -19 -78 19 65 77 -47 -78 51 73 47 54 -18 31 -98 -20 -49 -66 59 -75 45 30 32 -12 -85 -22 95 65 70 5 35 -58 38 -3 30 -70 -29 -38 34 -38 -92 3 -67 -48 79 -8 -23 79 75 18 -65 -28 -28 35 99 -45 -46 -52 -87 2 88 77 -30 67 71 -50 83 -53 -97 -64 -47 8 35 -11 -67 -11 79 94 -77 34 -16 -45 59 1 -61 -96 79 12 -55 45 3 -46 21 85 -74 -94 -86 -32 44 -91 -94 -95 -97 6 5 86 25 50 46 -2
88 49 -17 88 98 -19 74 39 -76 96 60 124629 -4 96 -73 -63 41 27 -7 -83 -24 52 14 92 87 -35 29 41 94 96 60 23 55 -51 -4 -17 -80 -11 -87 86 -21 -81 -29 81 0 -14 -19 97 81 -49 84 84 -47 23 99 63 20 82 -8 30 92 -85 36 -39 -91 -33 -55 -15 -79 25 96 84 -88 -30 -31 -43 93 -35 -47 -88 -90 -30 59 100 -45 -51 -7 56 -51 95 53 -83 -24 78 -75 32 0 82 48 -92 71 82 34 -28 -24 43 8 35 43 -91 41 -75 17 -92 53 -38 26 -10 94 81 79 -12 -40 60 0 4 -97 -24
48 37 -23 -39 -68 -27 -15 -74 63 47 0 56 47026 -67 -2 -50 -31 60 75 86 93 48 -93 -86 64 69 -64 73 -30 -97 -9 -20 -11 35 67 72 6 20 -97 8 65 55 55 56 19 -95 31 -10 -40 96 58 52 -18 98 -20 69 -87 72 54 -54 -96 -17 75 62 77 97 72 -55 -46 -57 73 41 -27 -28 32 -89 25 12 -25 0 10 82 36 94 18 36 66 0 -82 89 -39 83 -94 34 35 -33 -2 -75 -52 25 -21 -49 -10 -34 31 78 -18 -13 -8 -91 25 -88 81 -25 70 -84 12 46 -8 -63 -15 75 -83 6 19 46 20 51
74 92 73 -86 -91 -66 -46 -14 86 58 -83 -14 66 96493 40 -52 13 -64 14 58 -32 64 11 -30 24 19 3 -91 73 -1 -24 43 -17 -54 -25 13 -28 -73 99 -17 38 89 100 -17 39 5 6 -50 -64 93 -79 -81 -57 -97 74 3 13 73 -21 -95 -71 40 17 26 17 24 41 -91 2 -89 -7 89 74 -14 31 -1 83 -37 -74 3 -39 25 -47 56 23 95 23 38 -41 62 24 31 60 85 -45 -67 -94 18 40 13 81 -57 -89 -29 58 -45 100 -93 5 71 -38 -93 -36 59 76 -48 -64 30 79 20 17 -65 -35 3 -56 60 -25 43
28 -89 34 96 -42 -30 -7 41 40 29 -68 -42 -3 -59 44270 34 32 -68 -38 -62 79 58 -84 -24 -92 -12 -74 20 63 73 28 -92 87 50 31 84 -20 -69 72 55 51 0 68 16 33 -19 -34 -93 -14 -8 -52 -12 -71 99 23 91 17 44 -91 80 -66 -69 -59 -76 68 -83 13 -24 -46 -11 71 -42 -56 98 -27 -63 39 22 -52 -20 18 -96 74 99 -10 22 11 96 -16 56 84 53 -31 -65 -46 4 -39 -77 69 -5 46 50 69 -94 -59 -48 18 61 33 -65 -2 77 20 36 61 81 -99 -50 -28 -10 82 -26 37 65 87 82 -23 64
11 49 22 75 99 17 10 -31 -21 32 63 -68 -80 98 78 109601 71 -68 64 9 50 11 -90 -74 -19 -39 82 -17 64 27 10 5 34 -64 49 28 -51 -59 42 87 -76 -29 -92 73 64 -45 1 -4 80 -60 83 47 -50 -99 -61 68 -7 90 60 9 -16 -87 -93 -27 25 -69 58 40 42 -34 62 50 19 -83 -62 -42 3 -54 -68 -33 61 -33 -64 -27 -35 -50 1 41 -44 -93 -25 37 -36 95 -3 -56 -90 90 -79 -81 52 -68 91 -19 97 59 -64 -69 88 -16 17 33 19 62 7 -36 -29 -61 45 18 -18 11 97 -24 -2 -45 59 0
-1 1 38 -92 7 -40 -20 46 -7 -31 -46 58 -100 -28 -45 -32 15287 28 46 40 85 -80 -38 33 -47 20 4 -13 70 -58 -29 -47 -3 -73 45 -46 87 -77 -60 71 -46 41 31 -3 -97 -98 52 -29 41 -25 64 -89 -43 18 21 59 -38 -98 55 84 -87 -93 21 80 -75 24 -20 -46 -84 -29 -11 72 70 -95 88 9 -71 -71 53 -95 24 78 33 -91 -9 -90 -94 -90 52 22 100 -14 -57 -25 -91 -26 82 -69 48 14 44 -30 8 71 -17 -15 -99 16 14 23 -97 40 -96 -35 -62 -21 39 97 97 -51 97 3 49 -49 63 -77 -80 -83
-6 -16 26 100 -24 9 -70 80 12 73 14 -4 -55 -56 -100 -91 37 50175 86 -44 87 3 -8 -36 -28 -77 -46 -97 23 25 17 44 55 75 -25 -30 -77 79 91 32 49 56 -21 51 -71 -66 3 10 -63 34 70 27 62 96 67 -41 -44 -86 -94 -38 -20 -56 -35 95 -20 -8 -67 16 67 14 -77 -79 1 -88 70 -100 -29 0 49 75 -30 100 -46 -92 32 66 -92 -70 2 -30 -67 -10 44 -28 12 15 -10 -51 59 -8 94 3 34 -57 -33 82 93 -27 -32 -21 -85 -85 27 4 -67 34 -35 -49 -56 -64 -41 47 -23 57 97 -64 -75 80
33 -5 33 -97 41 -4 -16 52 13 -36 48 39 -80 37 -94 -74 -100 -33 55987 -69 3 -1 65 -98 -81 -3 -50 53 -62 76 -41 43 70 77 74 78 90 29 9 79 -98 98 17 -99 80 13 -27 98 61 -85 96 89 14 -99 26 -91 42 70 -59 89 87 4 -4 31 48 60 33 -8 52 -56 25 -66 -23 -37 100 -71 -5 -20 -54 48 29 -80 82 88 22 63 39 52 -27 46 -85 45 -12 2 -97 89 -12 4 84 -75 28 -18 4 91 -92 59 30 46 -99 -56 -65 96 81 17 -73 -54 86 49 -26 81 33 -2 43 14 77 -71 -47 -18
10 -74 -30 -4 93 -87 97 27 50 37 48 91 -86 36 -9 -82 5 -97 -2 74761 25 -65 49 95 -87 80 -99 -49 -4 95 -59 12 95 -50 57 28 87 -77 -52 -56 52 78 -86 -52 -23 69 -19 -77 -74 11 -78 -7 99 94 64 16 -60 -85 15 -89 -76 69 -45 -38 -32 -49 -37 -43 22 -61 81 32 -49 -51 97 -39 4 74 63 8 27 97 64 39 -18 85 69 -84 14 -73 -56 -81 100 -23 -29 -89 -32 82 -80 60 91 -2 -79 29 -70 -8 87 97 99 23 88 45 59 76 -7 71 5 96 61 -47 -39 -44 23 -54 -83 -13 -22 -92
29 60 82 -13 30 8 83 -95 -66 29 6 -56 81 -38 7 -82 30 84 23 78 101224 -27 -27 -66 13 24 -88 71 56 -87 87 85 -96 13 -26 61 65 -35 -20 -46 -60 9 51 71 -2 9 12 26 -69 66 31 10 -10 11 -34 60 12 98 -86 16 -20 76 25 42 -76 15 10 95 95 -34 81 98 -38 -69 -36 -79 -30 12 -74 -13 -21 41 31 -100 -39 78 -26 -81 -3 -88 -2 37 -97 16 -83 -7 100 -75 58 -35 15 -99 70 90 -3 -77 54 -48 -16 -91 29 -94 8 -56 82 -74 -11 -67 -49 -36 -76 22 -63 32 40 80 16 69
15 -85 -83 30 75 46 36 -53 -1 65 -64 -98 56 -45 6 -100 -95 83 70 44 -11 24210 -16 -84 17 0 -22 -33 95 -62 35 56 -79 -47 -73 89 86 -72 -25 -17 24 85 -27 38 73 -62 29 -55 19 -53 44 11 50 1 -3 38 -66 -19 -92 53 33 -93 -37 19 -34 9 -23 -95 84 -84 -2 -51 -20 53 -33 87 -17 84 76 -71 -2 48 16 18 -57 -29 69 53 47 64 -18 70 -91 -71 -19 59 59 -96 -29 -75 64 -38 28 69 28 53 35 48 5 40 20 -42 -54 -62 8 75 -57 -36 -96 48 100 58 -6 -43 -4 -29 25 87
-44 92 -76 -4 18 50 -15 -16 79 15 98 -90 -100 28 -53 2 56 88 79 -96 68 45 70312 19 71 5 15 55 71 85 -98 -94 -39 77 -72 72 100 0 12 80 -2 -41 -85 44 11 -90 58 -86 46 60 32 92 -24 28 -95 87 -15 87 -47 87 34 -64 -22 -57 -60 -43 -49 63 7 11 -2 48 44 75 10 94 70 68 -28 -33 6 -59 -82 44 -66 -98 66 35 21 39 -79 46 -56 -33 -55 44 -82 -87 9 66 54 -8 -27 -64 12 71 20 -89 43 -33 -3 -76 63 87 -12 -28 96 60 -34 -35 97 78 16 53 -24 -27 -15 92
-61 -33 1 -21 79 82 -50 30 -9 31 -36 30 60 -97 -51 -48 -56 0 95 -93 49 -13 50 88236 80 -49 -72 60 -92 -49 79 -80 38 -18 21 -61 29 6 -82 37 70 -20 -19 -3 77 -2 59 -72 72 -5 55 90 -52 85 -62 -61 49 -3 -79 -6 15 65 -83 7 -29 -65 -39 62 25 -55 -71 61 -79 -48 51 99 -64 74 -22 72 63 -49 -13 2 65 -45 -55 -19 -41 -45 -38 0 -12 -28 -95 -49 -97 -46 -63 -97 -54 0 -67 37 -4 0 -97 -67 12 -75 -65 39 32 33 36 62 -98 -50 31 32 27 99 6 -71 -66 14 -61 3
58 -15 55 -57 97 7 -7 -83 48 50 96 61 0 78 -9 13 -7 56 -26 8 -7 47 19 25 97805 -81 -33 -56 98 -99 -72 53 -99 7 67 -19 -74 -21 87 12 -22 59 -7 -68 61 73 -68 31 -22 89 32 -66 70 -34 54 65 97 -21 -65 57 37 19 26 -15 -2 5 9 -47 -51 -17 9 22 -60 0 -42 16 22 80 90 -42 68 -9 45 -91 42 -70 -99 68 -70 100 33 46 47 -92 67 -36 15 -58 9 71 100 -20 19 86 -37 -72 49 53 -38 57 22 -75 -65 7 36 36 -95 -97 -60 84 24 15 -19 28 -8 40 35 99
6 -12 -51 -60 19 -52 80 13 -99 72 92 -36 13 -28 67 0 43 -26 0 24 5 -48 -34 18 50 121307 -87 -16 55 -69 25 48 100 -57 -23 -18 76 37 16 -87 -59 -14 57 73 57 93 45 -70 -93 -1 99 -75 37 -3 -75 -30 98 -21 52 -99 67 93 -86 97 -46 92 11 -37 71 51 -89 -59 81 24 -31 -64 -53 -75 -50 -62 19 -75 81 66 -50 74 25 88 31 -92 94 59 -34 100 24 -57 -45 85 -1 -29 -60 90 33 -44 -4 72 -20 90 -46 3 -5 -14 -100 -87 96 90 -78 -12 74 0 -83 -91 67 11 73 -93 -87 13
-1 78 -61 -66 50 -40 -13 -2 44 -100 47 -76 70 -51 -86 34 -12 -8 53 -89 92 -60 -6 -13 5 -57 18821 0 69 3 64 25 89 15 17 67 31 31 -23 -45 85 -27 -89 -28 -17 98 72 93 1 -20 50 16 13 26 -42 -43 98 82 -5 -19 61 -84 50 -60 46 79 -78 -93 -67 -68 71 52 -60 80 97 -4 -5 -87 1 -94 -92 45 -90 -99 -63 33 88 35 51 48 44 -84 -74 29 -82 100 38 16 -68 4 24 -33 76 41 -74 -33 -47 8 32 37 -55 -79 -69 -81 79 48 -14 -43 -10 -36 -50 81 -38 -17 -67 -42 -19 66
95 46 -43 72 82 80 -5 88 -22 -78 -76 -89 26 29 4 -59 -31 25 64 98 -77 93 -21 59 -83 -75 -70 80122 54 -42 11 17 59 10 -12 68 26 -54 -9 -66 -39 13 -89 -68 26 -87 94 -74 11 44 27 47 -28 -88 58 -20 -90 -88 -6 70 94 -45 19 50 -70 15 95 3 -31 -73 51 2 62 -65 -36 34 32 -35 25 -100 10 68 69 60 -35 -67 91 -2 100 12 -80 -79 71 82 -87 -52 -45 43 68 99 -87 -32 -24 -56 42 68 -98 -41 15 -45 -78 13 6 -16 49 24 -9 -66 69 32 88 -96 34 -22 -98 90 -96 -41
-6 -18 15 -61 33 -64 -70 -1 -58 78 30 -95 -17 42 27 91 2 -13 47 48 -28 -48 -30 -90 84 24 -52 -35 68320 0 -49 35 51 21 -45 -78 49 -85 36 95 20 59 -8 4 74 43 -79 44 3 -94 -32 81 -1 -3 41 16 46 -10 -38 18 -59 40 -24 -70 23 62 -27 50 -76 96 -71 -92 -61 6 -61 7 7 58 45 -45 71 0 7 -72 -35 40 0 64 41 94 15 -6 56 -62 -42 -40 -85 -43 24 -98 -43 50 -11 35 49 -19 20 -77 24 -88 78 79 27 -94 24 -69 -46 81 -32 -66 59 10 -79 95 -32 52 25 95
82 62 -76 46 -40 -71 -70 3 -12 -10 -60 52 -12 -70 7 -86 83 12 -19 -57 75 -79 61 59 51 82 -34 -82 -1 112005 -70 79 -16 -78 -80 -9 98 -44 28 64 -64 -47 -5 -18 37 -4 -10 25 32 -39 -17 90 -63 27 -48 78 -95 -71 51 -89 -39 -15 51 -8 6 95 42 -73 62 -25 80 14 85 16 -45 99 -11 -25 26 -7 75 2 63 57 -35 -66 -19 -17 32 80 36 -37 83 57 -74 -16 28 65 31 39 86 17 100 18 -86 -63 63 -49 73 -85 -62 -3 -38 -15 -93 -7 77 -31 84 -31 -62 20 -85 -45 12 33 46 30
-57 47 17 -26 96 -61 -8 5 -39 38 -75 -63 -40 -38 -52 80 98 33 -77 -96 -1 87 61 -8 -70 23 19 -64 100 -12 120273 85 -54 4 100 3 45 -45 -37 -5 -85 75 27 -14 -55 -100 65 94 87 70 76 85 85 95 10 -92 3 -27 86 64 -51 -31 62 32 -51 100 -16 25 -15 71 -49 20 -34 -96 26 -73 64 -13 11 49 -3 -63 -18 17 -85 20 -72 -82 -98 41 -14 -75 31 -61 -47 48 -93 -62 -98 86 -93 24 42 -6 67 37 25 77 -6 37 -23 -93 -90 -5 63 -73 -92 40 56 -91 -52 90 -33 59 47 -48 54 -38
-15 -76 65 19 -77 16 -47 64 -78 -88 70 89 90 -72 -47 -96 -78 67 -99 -74 -42 90 -98 14 64 44 90 13 -62 7 45 53319 60 87 -95 63 96 -62 95 66 -4 -31 16 88 -43 4 44 91 -100 3 -60 87 -12 73 90 3 86 -84 3 42 -85 -11 87 53 -6 41 89 -95 52 9 -77 -56 26 -69 -95 -48 23 20 40 94 77 22 -79 -11 56 -33 46 27 -11 10 13 -24 -63 93 28 44 -51 30 72 -2 5 -99 23 14 -27 -17 -76 -14 -48 -29 21 82 -38 71 82 -17 -84 91 52 58 97 -52 -47 51 -32 -91 32 -79
-48 44 23 58 48 -58 84 -10 11 -30 -81 20 48 -29 -28 23 19 -58 12 79 11 65 -2 -65 48 97 20 21 -88 -10 -16 -67 105261 -37 -73 53 -41 -88 -63 17 53 35 33 -84 -96 -64 39 92 -80 -40 -65 35 5 -13 -21 81 -100 -43 -90 2 65 20 21 7 -19 -64 -87 5 -37 29 -51 -94 3 99 94 36 -35 40 -5 -96 -13 20 -36 89 -73 45 77 33 84 -5 60 2 13 48 -90 31 30 -95 -58 18 -49 -43 36 -74 -70 -68 -21 75 56 -6 77 83 94 -8 8 45 -87 61 -89 70 -12 61 -79 -11 -68 2 21 37
37 4 87 4 -52 -6 42 -45 73 -74 -6 38 93 41 32 -70 -82 -60 -74 30 93 -58 -83 -98 88 30 90 -17 -35 3 -85 93 35 65913 -64 83 56 13 50 -86 -28 38 -58 -31 44 -17 -86 -83 16 36 -89 -36 -40 -8 -1 -63 -47 51 -44 -80 34 81 -95 -48 -25 51 -83 -66 -95 -45 -8 43 72 -3 -75 -74 -69 -1 57 -34 24 44 -95 -9 34 -89 -62 16 66 -100 81 -14 34 28 85 -85 22 -28 -100 -81 -26 -1 91 -92 55 -55 -39 -1 60 -23 -89 -75 -42 -65 -72 9 59 -40 -45 -74 -36 -65 -100 45 75 -68 -69 -52
68 -41 -94 89 14 41 -88 12 -46 -68 31 -74 43 45 -28 36 -35 96 3 -33 -21 -87 -87 42 -79 -32 -37 -81 11 74 62 -100 -74 -40 98877 2 0 -64 -21 -73 -31 -64 35 -19 -33 72 95 -64 -85 33 83 -27 -66 48 89 57 52 33 -76 79 4 29 -47 24 80 100 -12 3 -26 1 -99 56 -24 -45 19 95 -37 -14 -30 72 59 -18 -61 78 -94 -86 29 52 -27 100 -95 -10 -92 -79 -67 87 24 91 -89 -97 -87 7 25 -41 -44 100 57 70 55 50 14 66 77 -71 56 -93 -29 50 -14 -60 -27 37 -41 2 57 66 10 -92
-95 -67 -94 50 77 77 13 -64 -14 95 89 -32 61 36 -18 66 33 -53 46 -44 -24 -63 75 -36 48 21 -99 50 68 -3 50 -83 34 -68 24 67131 25 17 -10 77 -82 27 37 -97 8 37 -55 6 -23 25 93 -14 -50 -60 71 -26 24 -52 -7 49 33 -65 49 70 40 81 49 56 18 -14 56 -100 -22 -86 42 -59 33 -6 71 -42 -21 -21 65 91 -64 -34 5 -80 23 -55 51 -45 -94 -32 56 -52 -21 86 -60 -93 -70 -45 -94 75 25 77 78 31 -8 -84 90 -87 67 90 -88 88 -61 28 -52 -41 -21 -52 97 76 -19 74 29 22
-87 -42 12 34 -29 -29 -57 85 7 2 -75 -37 -65 -72 -29 29 -15 39 -82 12 -4 44 74 -95 15 -2 82 -72 -27 36 60 0 -65 69 -65 64 43232 -99 79 -32 -67 -24 80 97 31 13 56 -77 -23 -71 0 -100 7 -28 -58 -39 -46 -92 60 78 -98 -32 72 93 -71 60 -65 -21 -9 -80 6 80 20 -36 -2 46 30 29 -46 86 29 -78 67 -37 -51 -29 -60 -71 70 -8 40 7 -89 65 85 69 -95 39 55 95 72 65 71 86 55 -18 -52 52 -12 -10 -61 -96 12 -96 -60 26 -82 -88 -98 36 34 27 -42 42 75 35 -83 -2
-63 52 55 38 33 -75 17 -51 -76 68 22 -54 -77 14 80 -96 -17 67 82 53 -37 73 -69 1 10 -96 -16 76 99 57 91 19 -94 -61 -21 -40 -100 19859 -1 -12 2 -9 -74 -53 74 -25 12 44 -97 -12 -77 -27 9 -96 67 80 55 -16 -68 -13 42 -40 -73 2 -35 -96 82 -39 45 34 -5 -16 -65 4 19 -91 7 47 86 -72 -19 -32 0 -39 -16 -95 13 30 -29 37 -61 -99 38 95 -27 33 47 91 -68 -84 -4 75 92 -20 -24 -15 23 79 -3 97 -27 35 2 70 32 68 45 72 61 -70 33 -60 -12 -28 -41 18 -75 -92
74 -31 -25 96 -80 90 87 13 16 31 45 35 84 -2 -41 -33 51 61 16 53 -94 91 -51 61 -52 81 82 7 39 -92 -32 -28 10 45 68 43 -90 -26 42822 -69 -76 -85 29 51 84 14 91 -60 87 -41 -25 55 18 69 -82 -55 95 -57 -51 -92 -30 -73 -32 -48 41 60 -62 -87 -60 -94 82 -76 77 77 -16 60 0 22 67 67 49 67 -22 82 45 -53 87 -78 94 -64 -60 13 -97 68 100 80 -65 -48 -77 61 -20 -1 30 23 -39 -72 80 -75 -14 -29 6 -97 -66 -63 -76 -13 -16 0 21 -67 71 63 -86 51 -72 25 93 -19
34 31 -45 -63 -42 16 95 -77 -7 -70 -55 -33 -16 -87 76 25 73 -72 47 -10 -58 61 -62 -66 86 -35 33 73 -53 32 18 46 56 70 69 59 -38 53 -96 112834 -65 66 -86 -80 -16 52 23 -39 3 -18 47 27 29 -23 -54 -2 -98 47 -48 48 97 -21 99 -55 -56 -23 -92 -58 -68 54 -82 88 56 -28 47 96 53 -56 80 -34 -13 -13 -96 -37 45 6 81 -100 18 -26 -82 -16 -30 -86 16 100 35 95 52 -59 -34 -60 -23 42 -8 28 5 -22 -34 12 51 -81 -11 6 -99 -83 17 30 9 -23 36 29 83 -63 -65 -95 30 -99
67 -9 -35 52 2 -47 -14 35 4 -45 -97 39 90 -41 51 82 -65 21 100 83 94 -72 -75 55 -1 -51 83 -6 73 -28 82 -66 78 51 82 -59 -91 -55 17 50 119628 93 -3 58 -83 -29 39 -47 72 41 24 67 -72 -54 97 -12 14 -30 -3 17 -96 58 -72 -6 -63 -78 22 -2 -100 -75 78 61 2 -58 -30 -51 88 19 19 -9 -42 -93 -98 3 -40 80 32 73 57 -30 -52 43 -79 14 -27 27 93 46 73 59 10 46 -10 50 35 -36 -14 -56 24 86 -95 -8 80 96 -58 -51 90 77 -85 -87 23 -46 73 -52 74 64 -89 -20
-97 -15 51 70 -67 13 21 -58 13 -36 -65 71 -4 -21 -60 -100 9 -43 -40 -15 90 -61 41 38 11 -96 5 98 25 42 49 28 -92 -5 -38 5 62 -45 -75 -13 79 74460 63 45 -86 57 55 -21 -75 -44 91 20 -75 85 86 -58 -61 -63 -9 -44 29 -68 12 41 -76 -94 -33 45 -50 -78 5 6 74 -56 -100 -71 -22 59 -16 82 89 -14 -3 58 -5 58 21 83 -69 -65 -97 -38 -47 82 -31 -1 -95 -53 -33 41 -38 10 -22 -43 -45 34 15 6 42 -64 -49 -28 70 98 -10 -63 -74 -62 84 64 42 5 -73 54 -11 -48 83 21
29 49 -44 56 92 -40 14 41 -75 11 51 5 22 23 -14 -37 -37 83 -8 80 -56 81 9 -9 -42 -97 -92 69 -7 35 15 3 94 81 14 -22 48 34 48 -64 -84 -62 76121 -82 27 -71 22 60 -70 17 81 -96 -56 -41 -7 -71 -59 -79 52 16 11 71 16 13 -3 55 -36 -76 -82 -61 -41 69 4 91 -28 8 83 28 53 12 15 -3 9 52 63 -90 50 -95 -3 -25 98 41 97 -93 54 42 -48 -2 74 -46 -4 -13 63 11 69 -91 -44 -87 5 -19 26 32 25 -13 -100 -39 -86 70 -78 -49 -48 44 -62 -2 3 59 -9 -8
74 -82 54 80 -98 -59 -6 28 -47 73 10 -98 -88 90 -6 23 -67 74 28 -50 71 -76 -98 17 -37 81 39 97 29 -99 14 12 -91 42 49 -75 37 -13 -14 -49 -24 42 85 113530 -8 -67 42 -21 -41 23 71 -1 50 -61 -98 62 -6 -39 -38 82 9 -61 -6 -39 -9 -44 18 -68 -54 23 67 -16 95 57 -78 -66 -34 66 -5 -95 -36 75 79 43 -69 -17 -65 -3 -95 8 -79 -10 -10 -53 49 -21 -62 -38 22 -87 96 67 9 99 41 -16 78 62 -80 -34 39 78 22 96 -91 -20 -7 97 -74 25 -66 28 13 -95 4 21 10 -72
78 33 94 28 74 64 -67 -92 31 54 80 17 83 2 -39 -93 -33 -7 -66 -81 -72 -49 -91 -66 23 45 -15 98 76 -4 -98 52 -83 -41 78 73 -69 15 84 86 -61 -82 28 24 97590 36 -3 -97 100 -74 18 30 -78 83 39 -44 49 22 46 83 -85 80 42 -88 -69 -1 -1 87 63 -16 -56 14 -72 67 25 81 -11 16 -27 56 60 61 33 -58 -62 41 -73 -52 48 -11 85 -90 -20 58 77 -61 -2 -25 19 29 71 -71 -86 75 -48 33 -29 -99 -52 2 -32 -34 -22 81 -67 -51 -85 -28 52 -44 -55 40 -17 4 91 -75 -100 97
44 -4 -54 65 100 91 24 66 -78 -50 41 -63 89 1 -56 -79 -57 0 -28 4 67 -9 37 -61 99 -72 -23 92 43 -26 17 52 -66 -83 -76 11 -97 -85 31 77 10 23 70 -23 -1 36626 -27 -21 -76 96 24 42 32 70 -56 -32 -52 -81 -27 -71 43 80 22 72 16 86 38 64 -71 11 50 65 -16 -68 -42 -46 17 -7 -14 45 90 6 50 61 75 72 -37 3 -7 93 39 86 72 -66 53 26 18 -23 -9 100 97 -35 28 1 -77 61 -30 23 33 76 26 -3 90 99 88 -91 43 65 59 15 -80 17 -85 -25 29 100 -4 50
-17 70 -56 -95 -78 91 -80 -43 5 47 -52 -93 22 -68 -50 -99 80 84 -44 -51 99 -18 -6 80 21 -7 -46 63 -83 88 -86 -89 -9 -27 30 -55 -71 86 56 -61 22 -52 -36 43 85 -1 102376 -17 60 95 -42 -44 58 18 -55 -53 -1 -7 64 -94 6 59 -34 -1 14 43 -17 -69 -23 14 91 -26 -87 -35 64 26 -3 -48 -61 -76 12 24 17 -1 -95 -3 71 55 -25 -28 14 52 14 22 71 4 8 -4 -42 64 89 -59 30 12 25 -81 60 -6 92 -23 -64 -7 61 -84 -46 -68 -94 8 76 28 -92 -43 74 16 -76 -47 -10 14
-54 59 -21 -36 -77 3 17 39 -67 33 65 100 -11 -52 98 -6 -39 66 73 61 -24 -26 60 66 -68 71 -37 34 -24 15 -71 -96 52 -82 15 85 19 70 -61 -14 -26 98 -1 60 -72 25 -71 108951 2 -4 -27 98 -36 35 -42 68 62 15 59 20 -66 60 -93 82 -31 78 -87 41 93 31 -100 42 -82 13 78 81 16 91 -55 -48 99 85 26 -85 8 65 41 6 53 12 -59 -74 -47 -18 -88 -19 -87 37 -8 41 97 -85 90 -95 -9 74 -21 -65 -40 24 -85 67 -36 67 -46 -96 86 21 82 -92 -5 -4 -97 77 67 -8 71 26
-12 83 -88 -15 -52 43 34 37 8 37 -98 46 14 -4 76 -86 28 51 -94 -59 64 -53 -22 20 25 -40 70 75 48 -15 63 14 -54 -6 61 86 -33 97 -43 19 87 5 32 48 -57 92 -7 -13 96573 -9 77 -25 21 57 -14 8 96 -21 98 -89 40 -93 0 -39 -19 -100 -74 -26 29 -31 70 96 -57 -9 36 -68 -33 97 -35 67 68 -92 3 51 -40 -10 -19 25 -31 51 -57 -36 37 -44 -90 51 74 97 69 73 -5 -85 -69 74 13 32 68 -54 -4 -2 -99 93 65 -57 75 52 -31 -14 -2 -36 16 -16 -9 62 86 -96 -23 -89
80 -22 61 -67 -95 85 53 44 37 -89 42 35 -30 -87 80 64 52 13 -39 -95 8 -89 -23 -45 5 -76 -50 -44 39 34 63 20 -13 -50 2 -17 -67 -82 -85 -18 -34 44 26 -77 -59 -26 65 7 -45 20611 29 1 93 -67 76 -78 0 -67 -15 -100 53 53 4 -31 -37 -26 -6 31 87 28 -69 -20 81 -43 -78 23 -67 -54 -62 -29 29 73 -85 85 81 -88 -92 26 -44 95 92 59 -76 -98 24 69 36 -84 -39 99 44 37 29 -54 40 5 20 -15 -85 -21 -44 -94 46 65 22 -58 66 59 65 -81 17 86 80 17 43 84 -90 -61
-10 70 -49 9 -7 -63 -44 -35 56 -90 -42 -7 -18 32 78 -86 56 19 59 -70 -27 10 -23 -60 -30 83 -26 -54 100 -50 24 -9 1 -27 38 71 -47 99 -31 77 -7 36 78 8 46 71 89 42 14 -20 114889 -21 79 42 68 -54 -65 92 -57 18 -29 90 77 21 -87 43 -48 -95 68 -6 -25 -70 33 71 70 -87 53 -70 94 -27 8 58 99 95 81 22 -33 -96 -23 -38 59 -29 42 -22 -5 1 -99 -69 62 -14 50 -79 19 -92 -33 -97 69 88 -92 -100 -64 -23 -56 -28 -28 31 71 96 -69 84 37 46 -31 2 0 -91 13 50
42 -25 -100 -21 78 -36 -49 17 17 45 -21 -30 -61 -66 -90 -48 27 85 7 56 11 99 -56 68 32 -58 43 -12 -66 23 21 -29 42 -11 20 66 -43 -96 -35 45 76 -85 -74 51 96 -12 24 43 -21 -55 -33 103300 63 -15 84 -10 62 81 -58 85 -51 24 -70 79 96 -23 97 87 -68 100 80 -15 -38 97 -54 -10 29 -99 -85 38 -53 41 64 -62 53 -11 -66 18 -99 -28 -17 -51 2 -29 47 -68 -86 -77 24 11 97 83 60 12 -22 -95 10 51 -70 70 55 52 45 76 -82 13 -72 -17 -45 -75 82 95 -27 -50 66 56 -66 89
48 -71 -39 -87 79 -45 11 93 59 65 8 55 41 -70 -26 30 93 -23 87 25 -83 -56 -89 -57 99 -53 99 43 -65 59 32 -57 68 2 7 57 36 0 -47 -68 -30 -69 20 -92 -28 52 98 -17 75 53 -78 -91 23671 -26 37 -73 -93 24 -97 -30 22 76 79 -89 -33 8 100 98 -32 -51 -58 54 85 32 45 30 60 69 -82 65 66 -51 -46 -10 74 36 64 -60 -46 -7 38 -52 -8 12 -29 87 -66 46 -12 33 11 75 64 -19 65 86 -36 42 -93 -80 -65 80 71 52 -84 -51 -9 -64 91 -11 73 -90 -75 79 49 -80 -55 -6
33 65 69 -38 -4 -100 -25 -66 47 -32 -74 99 74 78 -19 30 -16 47 21 -73 75 -39 -9 -38 -31 -10 -96 28 -82 -46 -23 -44 40 -45 87 -37 -97 -8 -64 25 -44 9 -6 -65 53 -21 -90 53 67 22 86 -70 -62 72975 -61 -26 -52 -55 -82 5 -27 -42 -87 -100 -46 -73 54 -54 -66 45 27 -57 -48 81 30 48 -18 47 -93 47 95 92 -7 79 -4 43 15 -32 71 21 51 38 77 57 51 -70 74 20 -28 7 -88 -26 -86 -39 40 58 -19 -70 98 -69 7 -67 -60 -45 -92 31 -99 -50 11 -37 -4 94 73 69 -8 71 -88 27
-33 -31 -89 99 -65 -89 74 -70 -59 51 37 98 43 38 -80 50 24 -63 22 -96 -42 -2 50 -45 56 51 -55 80 -38 94 -37 58 61 81 52 -74 34 2 -89 12 71 -30 -55 -74 38 95 -19 -18 75 -39 58 60 -42 -48 108019 30 -80 -43 -16 3 19 59 39 -67 -96 -87 -70 84 -5 53 -86 89 68 -92 -51 93 -72 15 -82 -5 90 36 15 42 89 -2 72 32 -62 -25 25 59 -19 43 98 -96 78 10 -37 56 -93 61 58 -6 30 41 -20 18 -42 47 -49 -93 84 16 5 88 89 -95 -91 -30 -37 -100 -42 -76 7 50 59 -90
-33 -94 57 28 17 -10 -14 46 26 37 33 -38 -27 -87 -63 -97 62 -27 48 11 59 -61 60 62 24 9 -44 -69 83 -45 -100 66 -66 88 -75 32 100 -93 49 -28 -8 81 57 -18 8 -2 -25 -13 77 85 93 -42 -21 8 -25 37621 -89 -67 -72 -54 66 71 3 -2 42 29 58 41 -75 -18 -68 -77 -19 -53 54 -68 -2 -3 -4 89 50 66 -33 94 29 -39 -45 48 -7 8 -71 13 -94 73 -17 -11 -42 -45 -71 78 -39 -2 63 6 -81 -34 -81 -71 48 76 17 -20 -71 -46 77 77 71 43 -50 -90 -60 -56 -71 -82 56 -8 -71 8
-78 56 -74 -80 -53 99 59 37 -43 59 -88 -74 45 38 64 92 -31 68 -93 11 10 85 50 0 60 14 6 -34 97 -2 2 -61 55 86 -11 74 91 17 -59 -37 97 -34 37 -27 -19 -40 -94 98 -74 91 100 49 -76 -10 -68 -26 58194 -93 56 97 10 47 59 -94 -78 92 -96 -94 -15 -13 90 -11 -48 -24 35 91 -100 -88 -60 34 -35 -37 83 -90 -7 -83 -20 78 -44 15 69 -96 -5 63 -27 19 64 -59 -82 -92 64 48 -83 -11 -49 33 -96 -81 19 92 -38 -1 -6 -73 13 85 93 -1 -25 -83 14 24 -9 -70 -65 47 -52 -26
-41 -8 37 6 91 93 50 -100 -9 51 19 -63 14 46 -19 -38 29 -21 -51 10 -10 97 36 -93 -43 -32 59 -45 66 41 -83 91 -50 -42 -61 48 -77 91 58 88 -20 39 29 0 -62 -22 35 23 -80 75 -58 -7 82 -100 62 -53 -67 30252 -27 22 -25 97 -86 -38 51 85 1 83 14 91 -75 -64 71 -48 -56 -68 -51 43 97 87 34 42 -51 43 46 -74 29 37 -18 -50 -92 -5 -3 -64 -24 23 61 8 -47 -50 -16 -25 -4 27 75 -58 22 -29 73 -21 -77 88 54 27 97 28 -20 -57 -25 80 -78 82 -96 -27 71 85 -60 -24
75 -17 -9 -50 3 -2 60 -73 3 -52 -86 21 67 -31 -66 21 63 -45 82 -4 -54 18 80 -38 -65 -57 -28 -76 -96 -2 -89 23 -67 -9 73 42 -84 -72 -51 9 -43 56 -14 -82 8 8 6 30 27 -40 -46 -78 74 53 -41 -39 60 95 34001 20 -10 13 94 -69 -50 -22 -65 -31 -27 48 -23 15 -50 -28 -96 93 70 -82 -52 80 -86 -19 -25 -18 -85 -20 -53 74 9 39 13 -88 1 75 81 27 -45 -5 -72 77 -5 30 -24 -48 87 -26 -27 -25 -98 62 58 -39 43 -4 38 -77 67 89 -75 -11 -33 95 -31 28 78 -32 43 43
-4 -5 -65 83 -72 -18 -66 -78 55 -43 48 19 -3 -5 -36 -15 -85 46 -3 -41 -32 -26 -59 40 -62 -58 -22 70 -22 58 -76 5 4 24 91 16 86 -9 -90 -9 -73 -20 18 -79 36 2 33 98 37 -30 79 38 -36 -1 -20 14 19 -12 21 26509 -47 -99 -31 23 48 -31 -33 73 86 21 37 12 -63 45 -99 41 31 59 51 -58 -58 -61 34 -98 98 -83 -83 -28 65 -32 57 -49 36 14 -13 17 36 13 -85 -99 -1 75 51 -15 75 57 38 -20 -79 93 6 68 92 -62 91 94 -71 46 89 -74 -30 66 -49 20 -16 3 -5 21
99 98 79 84 -17 51 0 33 -75 89 75 69 -93 66 -21 41 75 -93 -11 -93 97 -63 -80 -6 76 57 4 -69 -95 62 -74 -17 -44 56 -10 24 -99 -86 -69 -27 -83 14 -70 -21 84 30 64 91 79 42 84 -95 100 -29 -54 -52 64 71 63 26 18105 -96 39 -82 59 12 -87 -100 -88 -36 75 -32 -92 -28 12 25 -42 75 -92 80 9 -99 -23 46 82 -25 88 -55 71 11 -38 -11 -89 3 90 -1 -96 15 -95 98 70 -19 -4 7 -87 4 -85 50 91 10 31 -34 84 -85 12 61 -1 71 93 71 -76 95 21 44 76 -98 85 13
76 24 70 92 -62 -6 -3 -4 58 89 68 57 -89 -64 34 -54 -58 -72 89 62 -32 -23 -65 -40 -30 -92 99 44 14 64 -77 60 -8 -38 53 -79 91 40 -69 -91 -93 22 -93 84 -16 34 -77 97 -58 90 35 39 -29 -71 72 39 -17 -77 -43 -46 92 93682 47 -67 49 37 7 -19 -75 58 -50 63 -82 -34 -44 30 -27 36 -62 57 66 -80 41 -1 69 -50 4 -93 52 46 100 98 -61 12 60 -46 -70 -90 -52 -75 -89 -98 -89 84 7 -83 15 -73 3 -70 8 -50 52 92 22 -27 48 10 -32 0 -22 -53 20 35 13 -78 -80 19
-26 40 8 -7 -61 60 31 -70 -56 -72 37 -52 59 89 55 84 -4 91 -69 -54 -10 3 18 -99 30 47 -85 58 50 -61 -30 75 41 -24 -99 -3 -98 -57 98 -43 41 11 -46 -98 26 28 -70 -39 27 -56 30 -70 0 -86 -95 -58 42 98 26 -3 -72 89 71974 11 -28 -52 69 12 -52 -63 -63 -15 -75 -5 -87 -10 -94 -5 -74 -59 -72 -91 -38 10 25 -36 21 -66 15 -96 15 99 2 -21 76 -42 -95 -86 -53 -8 -7 42 53 17 28 -2 -50 -97 32 52 -38 -76 -30 56 73 -24 -56 56 -92 -12 39 -20 10 -41 88 -72 -11 1
-64 -67 2 44 83 96 76 14 49 29 -18 -16 35 8 -15 89 46 -24 38 6 57 11 -60 -24 83 69 -77 67 -78 93 76 -62 -75 66 26 -83 -82 -80 0 94 43 -73 94 -12 -28 55 36 -47 55 99 -18 -14 -44 -18 81 60 28 -51 30 91 -25 -28 -89 57552 45 -70 -100 56 -67 68 -47 -72 76 11 26 96 -24 75 -82 -36 -70 -62 -4 0 87 -91 68 -3 80 67 71 32 -58 14 89 -29 -80 54 56 -42 -97 62 96 8 0 -9 80 -26 24 25 12 -77 -57 -66 4 73 64 61 83 -91 -29 82 92 -62 -92 29 -13 -99
60 -72 61 10 26 56 29 -87 25 -97 -46 -74 12 78 -23 -86 47 -51 3 16 -72 39 -94 7 -90 -69 63 -68 -11 47 60 -37 -57 -50 92 34 26 92 -87 90 -88 -72 -99 44 -15 25 18 29 37 24 7 -81 -34 15 99 1 55 45 -14 80 -53 94 -79 4 60242 -58 -26 -76 20 -62 -72 46 100 45 0 16 -17 41 -62 -73 11 -6 -55 0 57 7 -6 66 6 51 -58 4 -72 47 -2 47 -50 -34 29 87 7 -13 -3 19 22 -1 47 38 -8 11 -97 -10 68 16 -11 36 -47 -13 97 -98 -22 -100 -43 41 -11 -14 -33 26
-57 -10 -27 62 69 -48 44 7 52 -17 13 40 35 -81 19 -89 -33 -18 -81 73 83 31 3 -29 0 51 26 -29 -67 -38 -33 57 -96 55 -91 -67 36 3 67 -20 17 -57 75 -99 -68 -77 -37 28 31 8 -65 -35 66 42 19 -22 -43 68 -45 5 58 -38 -12 -35 -8 82101 -100 90 -84 -54 -93 81 -29 -20 10 -35 -44 88 20 -42 -6 7 26 24 37 -15 -4 -76 38 32 55 -10 18 -60 7 27 -10 -96 -44 -40 50 80 -89 -80 -44 -52 82 -53 -10 -21 18 -7 64 -41 41 54 95 -78 -94 82 -98 86 -11 75 39 -99 57 73
-52 -49 65 -80 35 -55 -92 48 8 -40 -26 -12 -100 -76 -10 -73 33 -15 16 -47 39 -86 10 -35 -10 61 66 42 -15 -42 -94 86 37 -62 -11 25 86 78 71 -52 -95 -69 90 -41 75 -12 81 -89 19 57 -67 40 -24 -31 93 46 -64 -8 -68 96 -77 -17 94 -85 -28 48 94960 -67 38 -11 17 10 -3 -60 -36 -6 47 79 -46 77 -98 73 -89 -97 59 -87 27 -37 -99 4 46 -58 62 79 -48 25 -24 -22 29 85 97 -6 57 86 79 44 -97 69 -38 -13 97 43 -93 -93 -2 -10 70 2 -53 -64 -20 -12 24 17 87 59 -31 -5
14 36 -32 -5 -80 -86 -42 94 17 -55 -7 -11 24 5 -22 38 58 -74 -11 85 31 -68 -4 2 -1 -67 78 -19 -33 -64 20 56 76 12 -89 12 60 -79 13 53 -75 57 -3 40 63 67 -15 -47 -42 91 -44 59 -91 -21 -52 -95 -89 -26 -96 -40 -53 -89 34 11 -11 43 96 100435 -64 -73 -47 83 89 91 -18 -20 -45 39 -90 -78 19 -34 -100 -37 -29 51 48 26 -44 73 -57 87 -94 32 9 -17 -17 51 -3 -48 -86 -2 57 -79 -63 28 65 -42 80 -98 -79 -81 -11 -25 -99 -7 -47 54 -55 -77 -54 94 68 53 14 92 55 -54
-40 5 -98 -51 100 -61 -29 39 77 -88 97 94 32 39 -60 28 94 -67 5 -55 77 47 -55 98 59 -32 -98 -96 -38 -8 89 35 56 -77 56 -10 -30 -29 -10 -81 36 -100 59 85 30 -63 -65 68 55 25 56 -34 28 92 -100 2 90 -93 -91 75 -7 29 90 82 87 -90 52 69 127790 -30 -15 58 -82 -83 86 -94 27 71 91 -65 -72 1 100 -5 -7 -62 -93 -26 -63 -72 8 81 -23 27 -15 -51 -27 62 -5 51 94 63 58 34 -6 13 -72 -69 52 4 5 -90 -41 -49 88 66 20 63 60 -43 -70 5 -71 -42 13 -21 -55 40
-83 34 -8 27 95 -25 -65 11 -53 19 91 35 -46 93 90 59 96 -79 14 -33 -54 -11 -25 -68 -38 -35 -70 79 75 13 -81 -10 43 7 -38 -45 -85 9 -6 52 -6 -26 -78 81 -73 -20 -76 95 47 -40 4 95 7 -63 -90 -41 7 -37 -33 -14 -73 29 -74 94 -17 25 28 54 -50 48683 98 72 -89 33 -23 63 6 39 41 32 -52 45 28 40 18 47 77 84 -31 -85 -96 97 12 88 -43 -58 -29 -78 18 60 76 -89 -60 80 36 -39 -28 66 62 -24 4 32 -55 -20 72 54 52 -10 -26 71 41 -67 46 -9 17 -87 -75 -64
-30 -83 -51 -37 25 1 83 -95 -32 34 22 97 -51 27 21 85 77 -16 -8 -35 76 -15 9 -13 -14 39 -49 64 24 78 51 40 -55 -60 -42 -91 -68 -80 -11 29 -96 -22 72 89 25 57 35 -68 1 -100 -36 44 -46 63 40 -52 46 89 -48 51 75 -70 65 98 57 46 49 -82 -69 -17 114546 30 8 62 27 12 25 87 51 -75 -43 -99 2 80 95 43 -74 -38 -56 -9 -76 76 -8 92 53 94 27 -14 23 -80 58 46 58 12 -20 49 22 4 -75 9 -18 -61 80 -76 -4 9 -44 39 67 32 4 78 51 -75 79 -78 -85 34
-50 5 -45 -37 -43 -42 10 -6 -5 59 92 -5 -100 -5 -53 80 -19 -63 69 22 23 -31 -80 -72 38 92 -30 56 76 85 -47 -24 99 62 -72 100 -76 53 5 -55 60 -23 90 49 -69 30 -82 10 22 -64 -95 79 99 -32 -30 -17 -59 77 48 57 24 -4 -48 -87 -5 -70 28 34 23 -26 -26 33555 -74 69 18 -25 5 -33 76 -35 5 16 -35 10 96 79 -3 -78 -15 34 -77 62 16 -47 91 -18 62 -8 71 -89 75 -34 1 21 4 10 -87 68 -65 -98 -61 89 38 4 -81 7 84 3 21 58 44 37 98 74 65 -44 67 93
-76 9 93 -98 -89 -55 28 27 81 1 75 -11 43 -26 23 -80 88 49 13 56 0 6 95 -38 11 57 32 50 -53 -73 0 -100 71 26 95 61 88 -41 56 -1 -71 -49 -21 -91 75 -2 -33 52 51 -76 69 1 23 93 87 79 9 -71 -62 -30 -26 22 -65 55 92 -73 7 21 14 17 77 67 21284 37 23 -97 -88 -43 -5 95 13 -89 -65 -32 17 -10 -87 -22 52 -39 16 -57 79 -82 95 -70 -99 56 20 89 -20 -94 -51 66 12 -17 80 38 1 62 -25 -2 86 69 -28 33 -26 -26 -13 -74 65 32 -71 95 -92 59 -61 43
-5 39 -30 -98 -9 95 -78 50 -98 40 78 -48 65 71 77 100 79 -71 -65 -20 -21 -31 96 -45 65 59 41 -91 71 5 95 23 -64 99 63 -75 -21 40 -33 36 -61 72 21 -32 5 -90 -29 36 54 -34 -74 61 -94 65 59 51 -53 -12 40 -68 -91 -17 17 28 -30 95 -97 87 -15 -48 -97 2 36 31749 6 -64 -30 -15 -100 -63 12 22 42 -32 -26 67 -21 27 57 55 61 57 55 17 -84 -46 52 90 5 -8 -77 29 28 -44 84 98 -96 68 -68 -21 82 94 -29 68 38 4 -63 21 -87 -33 -96 76 -71 -53 8 -11 40 70
-22 -80 40 -48 43 -32 75 -86 66 -76 89 -81 -8 -42 -1 95 -19 51 -34 99 -69 64 66 64 -15 58 74 5 -66 -10 37 -100 23 31 30 21 12 -36 7 32 -26 -38 35 -56 -25 -17 51 -49 4 52 -48 -55 11 -41 -72 43 23 27 -60 54 -88 24 -95 -69 -65 -74 56 3 -83 -21 -70 -14 -71 9 38604 82 96 -86 -64 11 -84 31 0 73 13 43 91 -47 26 -79 55 -88 -16 76 -84 16 98 -1 76 38 85 -69 3 -19 20 -60 -86 7 46 6 11 -17 -43 38 -45 -19 12 -47 -37 62 94 15 -42 28 56 0 5 64
-43 -42 -22 73 -68 -15 82 37 3 66 -45 56 20 85 -5 7 -99 24 77 1 94 -44 -97 3 39 3 61 92 -96 23 89 62 96 85 44 -56 23 -44 -87 73 31 71 67 62 -86 73 -63 -30 87 7 50 3 8 -76 -63 6 63 14 70 -48 -51 96 -50 -43 97 -16 68 28 -12 -68 0 -31 6 8 73 60947 -90 10 82 12 50 57 19 -91 -15 -61 -81 99 86 -56 14 -98 68 -59 -41 39 59 -69 50 79 -28 -97 26 41 29 98 -45 -64 74 27 13 -78 -15 66 30 -4 61 -35 -93 70 72 -5 18 -66 74 -69 -62 -3
28 -67 7 -6 22 68 23 -6 96 -16 -27 83 -65 -13 65 -21 98 -97 64 73 6 31 -85 69 -13 -69 -47 -94 93 56 -88 26 51 55 14 36 30 -19 -35 51 -14 52 66 -58 -55 -5 -45 -90 99 -99 -10 -85 8 13 82 81 -32 -91 -14 -23 73 55 72 -10 -89 -52 -65 -18 27 22 -93 -14 -63 50 78 93 75769 97 45 65 -1 65 78 -74 -59 -86 15 -24 -95 77 -67 -94 94 88 -45 -25 24 40 -50 -16 20 67 -94 -20 49 72 -46 -78 -77 57 -13 38 5 94 55 37 -10 -94 34 68 68 86 31 -27 49 -70 57 -36
-24 -43 -32 58 -28 -14 48 -80 -5 70 81 -21 88 56 67 29 -10 -12 -30 -1 69 -92 -22 -42 63 59 -19 -88 79 -80 76 52 7 65 80 8 -56 -55 30 -8 8 -99 89 -7 30 -15 -67 97 77 -56 -47 75 24 97 57 -95 26 -64 -4 -89 -78 -6 -27 28 -78 57 92 -41 90 85 61 53 72 -3 -47 -96 -58 80018 -82 -56 61 -40 29 -94 -98 18 27 -97 22 -18 -58 64 -39 22 28 -56 85 -18 -45 -16 -18 -35 -39 2 -60 17 -39 -13 32 -27 53 -35 4 -81 35 54 -34 23 -82 -74 -42 61 -29 80 11 77 37 -19
-57 39 -52 37 54 81 50 -51 66 -45 -96 -94 -57 -87 -55 -23 87 -63 -91 55 -36 -6 10 -77 6 -82 67 -76 95 -17 -78 -34 -40 -12 100 -1 -77 62 67 -85 -91 -54 38 -1 75 -33 -89 67 8 -86 94 -87 -68 -91 38 -64 68 -51 -14 29 -60 14 59 -34 82 -56 15 80 -29 10 -2 -81 -43 80 -35 -92 65 37 48275 17 54 -42 -67 -64 -16 8 70 -59 -93 -40 -95 -21 -50 94 5 40 -5 20 27 -71 8 -77 -49 -31 5 -97 -11 92 53 -30 -24 84 -12 -26 -65 -38 -85 36 -36 -48 -99 -43 -43 58 -15 12 -88 45
-97 27 31 -73 9 70 50 42 39 -55 -74 -2 44 -49 63 -45 -20 15 38 8 52 -53 -67 -21 -61 69 18 70 41 62 84 -20 -69 17 -99 64 -27 -25 23 -43 30 -97 -71 65 90 -21 -12 5 -92 -9 -33 -9 67 -89 -38 24 23 35 9 87 8 -16 14 76 76 -61 47 -88 32 -76 31 -42 -31 -67 65 -72 45 -73 -55 83909 21 58 -78 92 -4 -69 24 27 91 -15 -19 -24 21 72 78 97 21 25 -53 29 42 -31 -5 -9 -4 -95 -34 12 96 66 -20 -5 -8 -92 -62 4 -48 82 -88 74 -61 14 69 -14 17 -7 -86 93
-51 -92 -36 60 33 -56 24 -30 -18 26 57 -95 -29 -64 -26 -49 0 -97 20 -26 -57 -31 87 51 -63 -56 -78 3 -31 -68 18 -44 -50 -57 7 69 85 -51 -56 92 63 -10 -58 50 31 0 -69 -8 42 -92 54 73 -43 -6 29 55 21 65 -99 -39 -18 -28 13 -53 -19 -83 -32 -77 -39 26 -81 86 -93 75 68 -65 76 -85 50 -83 122018 52 61 -90 -45 -3 49 -60 -48 78 -90 -77 34 4 19 66 35 49 72 26 34 45 12 71 -33 -79 -23 -35 2 89 -39 -74 -22 80 -65 91 7 21 -16 54 72 -2 -46 -77 58 -56 84 -86
-95 -77 -11 42 23 100 -48 -34 79 78 -32 -88 -28 -46 -43 -13 62 -58 -32 57 70 -18 8 -17 94 97 -73 -79 24 -16 -29 -93 -34 -82 -48 80 65 97 44 -65 -55 -86 -82 71 -10 88 -50 -37 43 -3 48 -45 -42 69 -41 87 -25 -56 -21 60 -92 76 76 -93 -100 96 89 59 81 57 -8 84 -15 23 97 38 -26 30 0 -18 4 59364 -49 26 23 58 -44 -3 55 -46 57 55 -28 -58 69 28 7 -57 -85 36 -85 58 30 5 6 14 -62 25 -13 -52 -74 0 -72 5 37 -85 -92 -2 74 -36 -53 -50 -86 -61 16 52 45 -60
-50 7 -41 36 78 -100 -23 27 64 -74 -45 45 41 47 -54 -18 93 69 -52 -26 -74 54 77 -47 -35 38 -74 -42 -23 18 -21 11 14 -89 98 0 15 -81 79 -24 -80 55 -86 59 -12 -41 96 71 -79 59 -77 -16 -83 -21 -25 78 -32 34 -64 67 -12 85 -2 72 -83 58 -95 -42 -16 -80 24 -77 -99 19 35 58 71 85 -69 13 -91 47 79136 -69 -10 45 -1 27 51 -49 22 54 46 -87 71 50 -67 -16 -30 27 -48 -78 -81 78 81 -26 -79 -44 -28 83 74 96 -11 -60 45 3 -69 -59 -78 14 -6 75 -19 -85 58 92 11 2
-62 -72 7 84 -82 -86 -2 33 34 -6 15 -36 88 0 72 -12 -91 74 -47 -23 -56 -96 90 82 8 -77 73 -49 79 -57 -6 18 -71 9 -20 -17 45 -81 53 -100 81 -18 -74 94 85 -73 -24 19 80 92 -93 -82 -72 60 -40 -9 -61 -85 7 5 -50 -79 -94 6 53 -83 29 63 52 -80 -35 98 93 -61 55 80 82 -58 -78 -9 -12 29 -52 115598 -61 96 -99 73 -10 -62 -97 -2 7 -99 -11 -32 -16 -34 55 -79 -60 -89 -80 -49 81 -8 29 -88 -56 -58 -12 -76 93 -79 -84 -64 -77 -23 -79 36 -40 -26 -36 42 -55 -61 -27 -47
-98 -40 100 -11 -44 -80 -81 70 -72 42 -70 -100 8 46 -94 -70 55 -45 83 -56 -66 -80 58 -89 56 49 -81 -27 -21 -26 -71 -16 21 70 96 82 38 -58 35 -12 -54 -96 -25 69 -35 -8 -52 23 26 85 -72 49 98 -26 51 85 29 73 -11 -20 -25 -47 96 -20 47 47 10 73 22 -32 89 97 -3 -69 -2 -92 13 -92 -19 59 47 79 -9 62 76736 -74 -68 -100 52 -77 -46 32 -85 -95 91 -14 16 -43 98 -74 -47 -32 63 -60 81 -76 21 43 26 20 56 -100 -3 99 100 54 92 71 44 37 29 -63 39 -52 48 -23 -75 -20
91 -32 -63 -24 -60 -39 42 -20 49 11 -37 14 -30 55 -69 69 94 -71 -44 95 65 49 -52 -72 99 30 3 20 1 -37 67 42 77 -18 -15 74 35 -80 88 -84 89 87 -47 -100 -88 -44 -74 -46 -88 -9 -97 4 58 36 93 -28 52 0 45 -49 -29 82 -2 73 96 -76 -31 -2 -56 13 84 -95 -57 -7 -27 4 -11 -41 29 73 -5 39 66 -94 -38 16055 6 -84 75 -40 12 32 63 -54 85 -87 28 -58 46 16 -37 77 -69 96 38 78 -12 51 -81 13 98 56 -86 74 88 -84 -86 -88 -90 17 48 90 -46 -13 63 27 1 -80
65 -34 -40 -1 -20 -67 -45 18 -49 -96 -23 -15 -64 -47 51 30 -92 71 -88 -74 89 92 -60 26 -13 -22 93 -79 34 70 -74 44 59 91 -94 33 -57 -5 -58 15 80 33 -40 84 73 35 -20 -58 -58 59 98 -59 92 41 65 -11 -30 1 60 0 -30 54 58 30 72 46 59 -57 -97 -86 -38 33 75 28 -32 75 84 -77 -79 -61 18 -72 9 -36 -80 -96 39214 12 -40 -29 -70 51 -97 -37 -23 -79 -40 -84 -96 -84 39 -86 88 89 -8 -72 82 -91 -20 -2 27 48 -47 46 -21 97 46 37 -49 86 67 59 12 58 48 96 95 -83
-34 30 16 -46 -100 -67 68 -18 -76 79 49 -36 -98 -51 -23 -46 7 14 -64 -55 59 3 -100 -46 26 -100 94 92 78 -96 -4 -37 96 88 33 34 -43 -59 11 30 47 67 -100 -66 45 66 -94 70 -47 -36 98 4 -61 98 87 -1 10 19 -95 27 -70 73 -79 -73 -49 39 -18 19 18 -3 -12 85 85 -72 64 -34 83 77 -4 -77 93 -94 -48 -53 -15 33 99 49408 -50 -78 88 24 6 -2 -77 -59 -45 -68 -5 68 -2 -99 -95 39 -86 -79 -58 -61 72 -29 12 -79 69 62 -29 -31 -50 -15 -74 -58 -64 90 -85 34 97 -63 39 -25
8 -95 -64 -96 -99 22 90 64 23 45 69 76 -77 -55 52 -48 64 -36 61 -91 13 -89 93 100 -81 -16 68 -59 -10 88 7 40 -92 55 -77 84 -63 -66 82 -38 -38 70 3 67 21 -48 62 -49 29 -77 -58 95 39 -62 23 -77 86 6 60 -22 -15 18 -3 67 -97 91 38 -71 -66 76 9 -36 -95 61 48 -45 2 45 -46 -48 -43 -36 3 -47 -76 27 -94 82 86101 6 -19 66 50 -79 13 58 -38 56 34 36 79 35 20 40 71 83 -6 -94 -32 -87 44 53 -48 -67 70 -6 -24 37 84 -24 96 55 -13 -67 -7 99 -73 95
-95 47 56 51 -32 54 28 -17 42 39 81 87 -89 10 -50 96 -44 -83 94 66 15 31 95 -68 -79 3 -68 -56 -45 40 75 33 49 94 -45 27 51 11 100 34 43 15 -17 -55 9 41 -24 -12 -96 -68 71 33 74 -72 51 -87 83 -96 -91 75 26 66 -96 -13 -91 59 -34 25 -93 98 62 -30 87 25 63 -53 64 -43 -31 82 -48 2 -64 94 48 58 -28 -62 -2 47975 -96 -47 -13 38 -1 -44 -82 -62 58 48 -29 64 56 -65 96 -87 6 52 -40 -79 -45 -94 56 13 -96 -38 94 94 25 -34 -40 52 80 -99 3 -29 95 -61
57 54 -21 68 86 30 -2 34 -92 -51 24 76 3 59 48 90 97 -63 -52 -15 -62 -96 -15 -85 73 -46 95 -20 88 80 42 80 -25 -49 28 41 -8 -74 7 61 -91 83 -100 90 -79 77 55 -86 91 73 35 33 90 -18 52 18 34 98 85 -65 52 -47 -53 96 81 -75 -34 38 61 76 -41 34 -32 -55 -43 -3 -67 38 -59 -37 -49 83 59 -70 55 35 8 -6 40 -6 18799 63 -51 -32 31 60 -30 76 -50 51 52 84 56 60 -17 -53 67 -80 15 -87 75 -63 -28 39 -84 -1 -11 34 -52 -47 61 -2 -53 -74 -41 9 -2 88
-51 67 89 53 -73 63 -25 90 -86 53 53 -63 -58 3 64 92 -59 -62 95 85 40 2 80 -45 -60 -33 -98 29 -93 -36 -40 -2 -84 44 23 43 3 56 88 76 85 74 -72 -41 -18 -83 11 7 -23 -27 -81 -13 -3 -21 -53 66 -93 -4 65 66 -55 -20 98 -94 7 6 -76 57 80 -72 -25 29 58 70 -1 -75 59 -93 -27 -88 -44 -10 68 93 13 75 -45 61 16 -65 -4 34969 -11 -47 -82 -32 -88 -21 -2 40 52 80 -50 -69 -16 -5 -75 62 93 -97 -68 86 34 31 -78 37 -100 -97 40 23 7 60 83 71 25 -91 29 43
-22 -78 -91 -51 -32 47 16 100 68 -37 -98 -100 -59 -54 4 -50 29 21 28 97 93 83 100 0 87 -74 -51 91 -71 62 -18 -35 94 -92 67 -27 2 -73 36 -77 19 -99 86 -34 -97 -53 100 57 82 57 21 -77 21 -69 64 88 -9 97 -58 -44 -8 -45 -84 24 -13 73 48 -44 -39 47 46 85 48 -68 12 85 88 10 86 30 -7 -38 -65 -63 87 2 29 69 -38 -44 72 95 58989 34 -68 26 75 35 23 63 -27 76 79 93 -54 88 -7 -60 -69 -82 -67 -26 38 64 53 -21 95 -43 -100 18 -82 -70 -100 97 48 -73 -17 5
-61 -17 98 -12 -64 -82 35 -50 26 76 89 9 93 67 97 -22 87 -35 -2 62 -81 49 88 73 55 -99 52 -10 -78 56 -32 89 -95 -88 -99 43 14 59 -14 -98 1 61 -64 -66 59 -17 2 -45 -80 -80 -48 91 99 68 64 89 68 -25 -74 -20 37 34 -90 -70 -61 -70 97 -62 -84 37 7 95 55 15 -32 -69 -79 78 53 51 98 51 -28 -36 -3 0 40 -70 -64 -73 -15 -93 18 54494 -9 75 58 48 53 17 100 75 -86 39 -98 -45 -96 -70 -56 49 -89 -4 74 -28 63 77 -48 -84 -44 74 -59 84 -39 -79 -1 28 79 -14
65 -53 -76 8 16 50 89 38 65 60 -27 -21 -89 -100 -28 -43 -2 -70 2 -41 47 -61 -21 92 -4 2 -57 24 21 27 -97 92 -73 90 38 58 -72 33 -32 -27 28 63 65 -37 -36 5 4 -78 75 39 -89 60 -88 -96 -36 25 88 -88 -18 -37 86 14 49 4 82 -5 -77 -15 -71 -68 84 31 -82 38 78 86 -27 -4 28 -27 73 -38 16 31 41 89 -22 71 8 -70 47 52 64 14 64308 74 74 -96 -24 -100 -89 -37 60 76 -9 -71 -87 -56 94 43 87 43 19 36 -94 58 -90 -63 97 -34 67 -33 87 -32 48 -16 37 -79
26 -74 95 60 -36 9 70 -76 -16 90 9 50 -18 -85 67 32 29 45 -47 -69 11 -50 85 -86 -2 -59 -70 -95 100 -97 56 2 18 13 -9 -67 42 34 72 11 34 -93 -62 -71 43 50 64 -33 -40 7 69 54 -2 16 -72 60 19 -9 -63 45 61 88 76 69 2 30 -17 40 -59 43 45 -74 70 -49 -49 6 -49 85 -46 23 -36 4 -59 -38 74 71 12 76 67 -88 61 54 72 95 -1 74338 39 -8 -86 32 -71 -99 26 27 51 66 -1 73 96 -13 -4 0 -27 -33 75 -76 -34 57 86 -2 -17 16 5 -26 -13 69 -17 4
-90 -21 -11 28 4 9 -25 -37 44 7 11 31 88 29 87 -83 -89 -66 28 46 -22 100 99 2 65 73 32 64 -44 74 -19 -36 29 19 -5 62 -12 -68 16 55 -29 18 -45 -13 21 47 19 -49 33 51 -41 63 -97 61 -69 71 50 97 100 -14 -42 71 -90 8 79 54 15 38 86 -51 -77 58 -71 -63 78 -48 58 -81 49 -84 55 -34 -28 9 48 -80 -23 -1 0 31 48 -91 12 -93 36 -46 66285 58 -16 -94 -75 55 35 -42 71 -86 71 8 -77 -62 -52 -4 51 -44 -80 -16 43 -72 54 -100 -82 -73 -27 49 36 17 -100 -24
-81 -85 -97 -65 23 4 -53 21 -55 -84 51 12 -82 -47 85 84 -67 17 2 -26 3 -73 62 45 71 -11 36 -58 -90 -95 16 85 -18 -79 15 -67 13 -32 94 81 33 28 -77 -31 8 -65 -57 -2 99 97 -21 14 -32 79 -9 -18 30 7 63 42 68 -67 -30 -72 60 -46 -88 -77 72 14 85 46 56 -18 -46 -77 46 50 93 -35 18 22 -5 21 88 71 -62 71 69 52 24 -53 77 39 91 -74 -26 19943 47 -13 72 63 -36 49 42 -21 75 26 -40 -27 92 60 -87 32 -56 -87 60 -94 -51 4 7 63 -73 -81 -70 -52 51 -46
38 42 95 -12 29 -78 9 97 2 25 -40 -70 -100 55 -85 70 41 86 -5 67 -99 99 18 73 -53 -18 -7 95 -2 -74 -90 63 21 50 -82 13 86 13 99 -56 -50 57 -4 -28 63 46 -2 -51 -12 86 -92 -71 -40 -24 22 -98 -42 34 46 -3 -75 55 -89 -53 27 71 -96 -6 -61 -8 48 -29 -44 16 -67 6 78 -21 80 27 98 9 -14 -5 -78 10 25 12 80 -24 33 -46 -18 -36 -45 5 62 76 50825 13 -83 2 -52 66 -68 97 -62 -50 -76 73 -73 -28 -29 1 -84 -74 -27 -71 5 -24 6 83 -50 -76 16 9 40 -25
60 -52 -89 63 -30 -59 82 -82 -21 -51 -29 38 62 -66 85 -47 -94 77 30 -61 84 63 55 83 -21 86 37 14 -64 69 -46 5 83 78 -7 -79 1 -5 65 15 83 98 93 78 -86 -95 57 -60 -69 -15 -79 57 1 54 48 7 38 -59 -20 82 62 66 -50 34 -77 46 18 -5 -90 70 -47 38 14 -87 71 18 -93 90 -69 -86 5 -65 30 -97 95 64 -92 49 -16 6 -70 -64 -52 -44 57 -69 87 -50 -47 116997 -59 32 17 3 50 94 62 37 -20 62 -89 77 79 -16 40 24 -69 -4 -25 -100 53 3 -85 65 -84 -45 34 1
46 90 -88 -2 -22 -66 -24 2 -65 75 41 36 78 60 -72 -23 31 73 -83 63 -61 80 76 88 80 85 -74 -84 -51 -82 26 9 -21 -74 9 -26 82 -5 -18 100 -56 32 34 84 -38 -20 25 -50 63 63 1 87 -68 92 -50 59 30 16 98 -100 73 23 68 26 82 83 -20 -32 -90 89 63 -96 -82 23 71 61 -75 -16 -9 25 32 39 -95 -98 -38 1 -58 56 65 -78 -17 -4 -96 5 -77 63 32 -51 74 -42 71720 -24 27 -75 -71 100 77 57 -25 64 -9 -82 -7 90 -22 98 -56 -61 68 -79 -11 38 -7 -92 -28 -12 91 -4
49 96 -81 91 -2 -27 59 6 53 27 49 -100 -23 92 -68 73 -83 -7 -93 34 -81 30 97 11 -90 76 -72 49 -10 55 -31 28 11 11 57 59 66 74 85 75 -49 -50 -3 5 5 61 -75 -32 20 -33 83 -57 -75 -79 56 25 31 48 -78 25 34 -28 36 94 16 -18 45 96 35 -77 -18 -26 63 -75 86 20 -76 -91 7 57 66 -95 -14 72 38 70 -44 -80 70 -78 -3 95 71 57 42 -78 -6 -15 69 41 46 94850 85 -83 -54 -69 60 31 -23 50 79 25 56 -21 52 -18 6 -48 58 -27 -71 -71 23 -13 12 -83 36 -5
-38 -24 -52 -39 -54 -18 -11 69 84 -14 -27 -17 54 -1 -55 59 67 10 -50 -42 12 92 -8 32 -100 28 -35 -23 -83 -53 -73 28 0 -87 -49 8 -25 -13 88 -23 27 77 19 49 -88 7 71 44 17 -52 66 -77 -31 -29 84 15 -95 -26 -71 100 -31 75 -95 -93 28 -43 -45 -82 -86 95 -8 4 88 -83 -56 -89 69 58 37 75 -48 62 -28 -94 -37 -74 -77 90 -4 -90 72 64 -40 32 4 -100 27 52 -66 42 -39 -21 93562 5 -67 -62 -67 1 -13 -99 28 43 24 -46 -91 40 57 96 69 94 59 43 -56 -33 -14 -85 -61 76
-16 -89 23 -65 53 89 82 42 86 -93 9 -24 46 -42 93 -22 -90 59 -17 -3 -4 36 92 60 17 100 37 -97 71 -72 -80 -57 -12 -25 -24 78 -82 -84 -77 60 2 60 64 -81 -68 -74 25 72 21 55 99 78 26 -75 -11 3 95 -75 -48 19 77 68 -29 -48 59 -71 7 61 25 -26 -42 62 -40 55 86 60 -38 74 -30 -19 -4 18 -28 30 5 -8 -43 -85 55 -3 -100 -28 -79 62 73 98 -22 -37 -35 79 76 7 -68 88172 14 70 -6 35 31 95 64 66 -88 66 90 12 -43 -78 62 -96 -41 -91 -9 9 -88 -61 13 -96
-18 10 -38 97 24 14 10 -61 49 70 -2 -11 92 80 -84 100 -85 -20 -15 -14 6 20 -60 20 -97 51 6 50 -16 -15 -87 -29 -56 0 32 7 30 11 97 -63 27 -69 -38 6 -92 -3 -55 -25 -67 -89 -77 2 94 -26 68 79 54 84 -94 -77 38 17 -14 -29 -51 82 -78 -71 60 5 17 -46 31 -84 -54 85 -82 -35 37 -83 -74 -11 79 -54 92 -89 84 -2 -89 -73 17 15 32 6 -15 97 -22 -89 -82 81 48 -95 -46 -58 24478 85 -92 -87 29 8 -38 60 -24 57 -92 -46 -47 -69 84 -21 72 4 -17 -75 67 72 -47 15
91 -45 -64 -68 -69 -27 5 79 -24 -28 65 -96 -68 -66 40 85 53 43 3 60 89 0 -36 -43 -64 -57 48 -57 76 13 -70 35 93 -26 -60 20 73 -77 76 -8 10 40 -48 -65 95 -82 -9 23 -28 19 48 -20 -74 -84 -6 12 36 -31 -57 5 100 35 -62 -92 -77 26 -31 65 1 -48 95 -32 -54 -45 -16 -21 -91 -21 46 -21 20 16 59 68 96 -30 46 -17 67 -4 5 43 -70 -13 76 47 76 25 -71 -79 40 -51 100 -56 -76 125811 84 -94 30 -63 -28 -47 76 -15 -2 58 41 89 -24 -8 70 -61 68 -59 93 -60 -69 89
7 -65 3 -35 -65 28 11 -92 -74 95 62 -92 -83 88 -98 63 14 17 93 -40 -35 43 36 0 -36 -5 -74 91 -50 39 -81 44 5 -64 82 -23 -1 -55 44 53 12 81 -46 7 50 -63 95 65 100 -23 58 -9 -18 -71 21 -95 -2 -61 -13 -71 -74 -12 -58 13 91 -11 24 64 19 -44 -13 96 -88 -95 -43 28 -74 77 -10 -51 -48 -79 -94 -11 -11 -1 93 -64 -99 37 11 86 -3 75 86 46 85 -42 -8 -11 4 34 84 10 5 -40 87493 -19 7 97 -89 94 57 -32 26 -95 80 54 -52 22 -32 7 30 86 17 73 -92 79
32 36 61 18 67 -42 -95 27 61 4 55 -39 -99 98 38 -16 -72 -7 3 -80 79 61 21 -10 -77 -63 40 99 60 -85 52 66 -64 96 72 11 50 -41 -98 96 97 26 -39 35 -87 -10 -20 -58 -20 -13 8 -50 86 55 78 -75 -4 54 -53 36 -49 98 39 68 26 -5 -84 73 12 39 56 -87 95 60 40 -38 -52 54 33 -34 -11 -76 -99 5 88 -81 18 -22 61 95 83 -15 14 -65 -96 65 13 -11 -35 -27 51 24 100 -63 66 -16 9 114621 42 39 8 -47 39 -20 -33 5 77 -44 -92 -29 33 -85 -52 -45 89 -59 97 39
98 -19 72 12 -27 78 14 -97 -54 -11 -30 2 -22 17 56 84 -66 -60 -17 -48 40 75 65 -14 -30 16 -7 24 -11 87 8 41 20 -86 -49 -37 -23 65 16 35 -28 46 -5 2 -4 -26 -63 61 -50 57 97 23 47 -86 24 -89 68 -34 25 -74 45 -92 87 -95 34 29 5 81 67 82 -88 -54 0 72 -34 3 85 -31 97 -82 -45 86 69 8 12 -40 8 -100 17 52 26 49 86 25 -12 10 10 -37 -49 -41 -85 -47 -100 51 -67 -4 7 -65 72859 58 29 91 22 -49 1 -77 57 2 -97 -33 76 -92 52 97 88 41 77 -89
87 -58 26 -55 91 -66 50 -72 76 -87 -91 -47 18 -46 68 35 -45 -44 -18 88 -40 -64 68 21 58 -48 0 -88 100 49 12 21 90 -66 31 -31 33 -53 -65 88 -61 9 -31 -21 29 -43 -91 -19 29 85 -43 83 45 -8 87 77 19 43 -31 -94 -59 -4 64 -57 -58 17 -3 29 -25 -95 28 31 -42 -81 -69 27 37 -100 -68 -100 19 -9 45 71 42 36 90 44 -41 75 88 38 92 13 24 88 -94 50 -61 78 3 57 -9 -44 95 -59 -80 -80 73 42693 -63 -77 -19 -69 90 -36 53 1 -29 -79 -99 43 7 -73 -55 1 -100 33
-100 66 -58 -39 64 -45 -62 -22 -18 -8 70 -22 -28 -89 99 37 -86 -85 -82 10 23 65 90 73 89 93 75 -59 25 -82 84 -85 9 70 30 -3 2 4 6 -69 -62 -63 -60 -14 22 -96 52 -30 -97 -71 8 -20 -46 -59 61 37 -8 11 15 -54 19 64 32 89 43 99 59 -92 46 -26 36 72 26 81 -73 -33 -12 -49 43 13 -67 -81 2 10 9 -92 -12 20 97 -19 -24 -59 82 83 52 -93 -23 59 11 -14 -67 64 81 74 78 -19 73 31 -95 -5 102549 42 -96 59 20 -79 -2 76 52 41 64 -99 -18 88 29 27 75 -25
-64 95 -71 55 65 -23 92 20 -8 -95 24 -49 67 52 -40 61 -98 33 85 86 -51 -25 45 -58 35 -92 92 78 67 55 95 7 -75 16 -48 56 62 75 4 37 -35 36 -59 96 26 -68 79 20 -96 58 58 94 81 8 -2 54 4 69 -65 85 30 -22 -49 -11 49 -14 -71 -89 67 70 95 -16 44 17 68 -96 15 -57 -74 6 32 55 46 -67 51 -14 0 -76 0 -65 -63 -21 25 -47 -23 17 -77 83 14 -48 -28 55 83 51 -64 -87 -29 1 -15 38 15 31521 28 -89 46 -2 -58 19 -14 25 -6 80 70 -22 -99 -87 -83 15
-47 82 -38 68 -38 56 11 8 96 97 -47 47 -43 -77 -63 79 47 -82 63 22 -24 32 -38 25 80 52 -11 83 -31 38 17 27 19 -31 -52 21 -67 54 84 41 88 79 -75 1 13 -57 2 -68 62 -19 90 13 -48 79 17 -20 -91 -37 -30 -38 34 61 -65 -87 -13 -57 -94 13 95 -45 88 81 -91 -35 -89 -61 -97 87 26 -51 -35 -86 76 -49 -45 5 -2 82 -39 96 -100 -74 -86 28 -56 -45 69 -42 -39 70 -83 46 82 -75 50 -93 2 -76 -58 -58 -99 34 47218 52 74 42 32 -92 4 -17 -19 10 -52 -47 97 -47 61 69
-64 6 23 2 20 29 -37 -78 -17 65 70 -77 -7 -90 27 16 -84 -57 84 46 46 94 31 43 44 -94 -77 89 -48 4 37 62 2 22 -4 50 -37 -7 -30 -93 -72 -30 -19 -25 97 100 67 -48 91 73 -20 -81 98 32 20 -20 69 9 23 76 -89 -5 -65 -78 2 -68 71 -75 63 -96 -75 44 -95 -4 -37 72 87 51 24 -67 89 85 -45 -49 -57 34 45 5 -88 -8 -24 53 96 -28 -33 -90 -76 -27 -86 35 -41 -65 -81 58 80 -89 45 -1 26 -75 -58 55 53 101080 -99 14 -56 88 -25 -76 34 35 -6 -55 1 -22 -39 -90
-28 37 -12 -70 -61 -17 -40 -21 97 -26 78 34 -52 89 90 31 52 52 -22 2 -47 63 -79 -47 -48 83 67 42 79 23 12 -58 -96 44 -93 -80 -70 40 68 -28 -7 -93 -35 12 -72 55 -8 -4 -18 68 60 -84 1 6 -45 24 31 11 -60 15 77 95 -14 96 45 96 -51 78 36 -82 0 -41 -69 50 54 1 -88 81 41 45 92 0 -20 -37 -11 -67 -81 -83 9 -82 -92 -32 51 50 12 78 18 -8 -19 -12 -89 -74 81 -1 -47 -4 88 90 -30 -81 -94 -16 86 -20 17200 -69 97 3 12 82 -32 -54 -4 46 -65 19 25 -93
-17 18 53 77 85 35 88 -50 -54 61 -75 -61 -46 -75 -68 72 -1 73 65 72 -41 -77 35 -44 81 -63 -6 10 -37 84 56 81 50 -96 -18 73 -12 -68 92 9 27 16 -35 -95 81 -84 -16 21 -84 72 23 23 -43 -86 38 23 13 50 -11 -6 42 -6 67 83 55 -52 -27 22 -4 6 63 54 42 -10 16 -58 -65 23 -42 3 45 -26 -14 -18 6 18 26 82 27 41 6 48 -8 -11 -52 -87 70 -38 -73 31 -37 -29 -70 80 20 -40 88 -31 -11 -91 22 -89 -94 43 11 39534 79 24 82 99 70 -36 -77 -56 77 -54 -19 31
33 86 -57 -72 -50 17 22 27 -12 18 31 51 4 47 -91 30 58 88 -56 -72 -71 -97 6 89 -14 30 -31 14 1 -7 -99 -66 66 -70 86 28 -69 -11 58 -7 31 -85 21 -39 -37 77 -60 -28 -50 -92 -25 -53 36 19 -96 96 5 21 -78 -21 -70 76 29 -33 -1 -45 -1 -70 52 59 13 -94 92 2 -45 55 39 -72 -2 -11 -38 -31 -20 66 12 -19 -76 6 38 92 -17 -92 -100 66 -31 -68 63 76 37 84 -76 -40 34 -91 37 -63 40 -81 -23 95 47 26 -63 -43 -18 5 89504 -22 -79 -16 95 -94 61 82 27 -24 51 84
-20 -62 -75 -56 -17 7 49 78 -35 -26 -100 0 -37 -54 -65 66 -25 -94 -56 -79 -10 -34 50 68 33 -6 58 -99 -84 75 -94 63 2 -19 22 -8 31 97 -32 -42 -97 34 34 67 8 25 -41 1 48 71 -23 45 -49 17 -53 -67 -15 68 65 68 89 85 -94 -75 -88 87 -25 -72 -41 -77 -31 80 3 43 -29 -28 7 -60 -43 20 89 -59 -74 55 54 9 -37 14 -38 -18 89 -63 30 80 -13 55 84 39 -30 -64 60 59 29 7 72 -78 75 -24 14 -34 -51 -64 -27 -60 47 15 41 46223 -4 -51 -83 -43 -91 -3 -94 -82 38 -57
51 -8 34 -9 72 -50 -47 56 -21 -81 18 32 -17 -28 -73 -35 39 88 -96 -75 -60 -100 -13 -93 62 32 -86 5 -47 -55 -82 -58 76 32 -19 -4 46 43 47 -13 40 -27 23 58 25 15 80 51 33 -48 -10 89 -24 -46 -34 64 79 72 58 -46 -91 -65 -26 -83 -41 -13 -20 38 -94 -3 -55 3 -76 73 -10 -91 -33 -37 -83 24 -21 92 16 -13 17 54 43 27 35 -25 -28 -54 89 5 87 48 -69 50 -27 58 -8 -73 64 -65 82 -15 20 92 -83 36 -22 -44 32 25 26 46 98 93 38526 -42 91 82 47 -100 -32 15 -48 9
-48 36 89 58 78 77 -87 3 20 96 -68 -67 -62 -69 -95 -77 69 -16 -32 66 83 71 -42 38 -51 -4 -46 -43 44 -51 -92 -70 -6 -47 15 48 86 -58 37 -21 -30 -55 12 -68 -64 85 -90 -76 -62 -57 6 37 7 -68 -13 -68 -18 -13 88 -70 -100 49 -48 -76 -33 -70 -82 -64 12 66 75 -95 -77 76 88 32 50 -92 -99 68 60 64 23 11 2 7 13 -33 -96 -17 -72 0 -42 83 32 65 -17 89 -68 -95 2 48 90 -87 39 -62 18 63 -56 -1 -88 -97 35 -8 -48 9 -15 91 78 19123 17 -86 -34 -83 -5 -49 58 85
19 -45 -24 84 -36 -53 -16 -13 -67 -27 11 43 -26 92 18 8 -59 -85 72 -88 69 -87 -7 25 92 35 57 17 86 -1 -10 65 -97 -31 28 -18 4 -37 -13 -66 82 22 -57 -48 18 13 13 33 -91 68 80 -32 -47 -25 -51 -77 92 20 61 -23 25 -12 -56 -87 -36 -24 -90 -63 25 -79 53 36 97 -57 84 48 -40 -50 80 16 65 -97 89 62 57 -17 -30 62 -35 52 -86 -85 -10 -16 -88 89 100 39 -14 91 -76 86 18 4 63 65 -23 -24 51 -84 -29 85 10 35 50 35 -80 89 -31 -4 53608 46 -43 -90 7 63 -6 44
-82 68 74 -20 -33 47 100 -88 -62 69 80 -74 -75 91 -17 77 -25 -89 -29 -41 4 12 -1 -94 -72 -24 -97 -34 -11 -16 -28 51 39 -98 -79 28 -79 94 79 -33 22 -89 -40 43 -30 39 -32 -30 76 94 5 -97 41 94 13 56 4 -87 -53 -52 41 -26 -93 -58 0 -83 -15 -13 -34 -48 -26 -91 -10 -92 -20 -31 77 78 45 -81 5 42 -50 -42 64 -35 -50 89 -6 -18 89 36 -37 -55 59 -38 -74 65 -85 -49 85 49 -37 75 -14 -77 66 86 -40 -20 -72 8 35 19 -8 92 76 -4 25 -22 -63 51326 -27 22 -53 55 -77 31
36 9 -38 -87 -29 -79 -20 -41 55 -72 -30 80 83 -70 -29 38 -75 -61 -35 52 -15 -98 -2 11 -11 -46 56 -82 83 79 -11 47 87 78 -2 -95 88 -97 14 31 47 -58 8 4 -70 -68 -83 -39 12 -52 -45 3 61 7 -96 -14 -62 -44 -44 20 -84 -99 51 -15 -60 46 -47 -43 40 -78 4 17 91 -58 -79 17 29 -97 47 -61 48 15 56 63 40 97 71 64 34 -62 -96 -47 -85 97 -25 10 53 -73 -62 -33 88 -22 -34 -82 -16 -45 70 -71 -23 88 -20 -45 37 -80 -63 -64 67 84 -18 89 49 -16 58479 -39 36 -31 -83 76
-42 96 -13 13 5 71 -99 -4 -13 58 8 -16 -16 69 4 -100 -7 -63 -81 47 -88 14 58 74 -17 59 -76 -30 48 -91 -8 -19 -40 -53 -28 97 -17 -21 97 -90 58 36 -60 73 21 -73 -89 -17 16 -89 89 5 94 16 53 -15 -57 66 -65 53 14 83 95 30 30 -24 15 -60 -94 62 -25 -64 -37 50 14 29 -73 -76 -4 -90 -54 61 -65 -96 96 -37 -17 -87 -7 -68 97 77 -54 -42 -80 -6 16 97 22 -34 71 67 -83 25 1 -73 -38 -39 77 -17 70 -71 43 0 -85 -9 79 81 88 -51 -48 -76 -41 70310 17 -54 27 1
91 -35 -25 -99 83 35 -52 20 56 -93 -96 97 11 -50 -13 -74 -85 26 33 -70 -64 94 11 -76 98 -35 -28 50 69 74 -44 -65 -13 -56 -64 -69 45 -50 -55 63 -50 -28 -97 76 23 33 35 77 -82 -81 -18 87 42 89 -22 78 -69 -28 -98 -95 -66 33 -75 59 7 -20 28 28 -26 51 62 34 -33 -10 6 -90 -77 55 5 -12 -42 10 49 93 54 -9 -41 -96 16 -32 -7 75 -70 13 -37 41 47 89 -54 -23 -100 -77 -35 -35 -96 -13 25 10 41 -52 -60 -44 -45 -67 -2 90 -77 -78 11 -75 -54 2 -29 100 51493 6 -60 48
41 -10 -56 -51 -50 -21 14 4 40 -80 83 86 46 76 -51 -51 -95 48 32 83 23 -70 70 -24 -85 -58 69 -80 8 -44 -49 14 93 -80 -62 -29 83 -91 26 -21 -12 -19 -22 89 -46 20 -33 -88 63 -33 85 -62 73 -91 53 56 96 27 -92 85 12 -36 91 -37 53 41 -44 76 -64 88 27 97 -80 -86 72 86 -33 -41 35 3 -19 47 -3 -77 16 -74 -6 -37 28 -27 67 -65 -75 -94 37 -60 -22 33 37 -2 -50 -2 27 28 30 -31 -31 -90 -9 -83 -10 -1 36 7 -35 59 -26 50 -90 53 44 81 -96 0 2 127854 -71 -15
-8 89 0 55 -64 -44 -69 -43 78 76 -68 -91 31 -84 -66 -94 -41 -65 -47 -75 37 17 -10 -3 97 37 28 -58 -67 -29 89 40 55 -45 54 93 -65 20 -24 -79 12 45 -72 54 -100 -34 -97 -6 58 -30 -9 34 20 -97 4 87 -87 -89 2 -21 -63 39 -35 10 -98 -100 -1 -12 33 -89 -57 -8 2 29 -56 -21 -61 74 30 69 -23 -27 -92 -26 -24 61 91 -60 -32 -88 -26 29 -39 27 -25 -48 21 -91 83 92 89 41 -79 -11 94 -43 23 68 68 96 65 -77 28 -9 82 -96 0 -29 68 5 6 -70 -38 -60 -83 12 69379 7
81 17 -30 34 -11 1 -43 -42 78 -33 -71 57 -49 -87 3 94 -35 -50 -45 56 95 9 82 1 35 -44 -80 -31 55 43 -27 -85 40 32 -57 -21 -87 -2 25 72 -91 -49 -5 14 96 -31 -44 -28 73 -57 -45 33 -42 -23 -87 13 -29 -10 75 66 69 98 54 44 17 -80 -89 -19 -17 -56 -24 74 3 44 98 89 10 55 89 95 -39 -21 -66 -87 -23 -2 -31 -17 -8 -85 -100 68 79 41 73 -100 19 -22 -74 63 41 -87 -38 7 17 73 -69 54 52 84 -66 46 -94 -42 -14 -53 -46 42 -100 19 29 83 4 51 61 2 -58 111786
