47031 79 -39 -56 -16 39 18 -48 -32 72 -93 14 34 43 -51 47 -98 -25 -13 -100 100 6 93 58 91 31 -77 -58 61 -46 -52 -31 44 62 -28 5 -28 46 -52 38 -50 20 -31 -65 -68 -99 59 -43 35 39 23 -20 11 20 54 -99 83 -88 -7 5 46 -22 17 -66
55 51545 -94 -72 -27 11 55 -20 -100 -61 -29 58 -25 -39 59 91 -41 -4 -24 -50 -68 -77 41 -44 -34 51 -20 0 43 46 89 -96 38 27 -55 -72 -14 -62 89 -17 -50 -52 -17 -71 80 43 -28 30 -83 -76 -29 -5 -47 -62 -58 60 47 -82 -78 -65 88 90 73 -65
-24 25 15086 -43 -98 30 -7 -34 -17 12 -21 -23 -50 -74 -17 -67 -84 -73 -33 29 -97 53 -43 -30 25 10 -1 80 67 -5 -20 10 92 -9 36 11 -21 58 32 13 42 10 -4 1 -2 -43 1 78 74 -95 -36 -11 -93 -38 -80 -40 -80 39 -92 -98 56 -89 32 93
53 -44 81 6899 -90 -59 54 -94 54 -57 36 -60 -37 73 75 -62 -29 -62 -62 -96 85 -72 92 -2 24 -82 69 24 -24 83 51 -26 -14 -81 56 -100 78 85 61 -44 90 -23 93 17 -29 6 -82 19 94 6 76 -66 -8 70 58 78 98 22 -53 -10 -82 98 78 -14
-77 1 76 59 35855 57 -45 24 -82 17 93 -90 -42 -37 77 -47 -14 42 -87 -76 -68 -42 74 -8 -83 14 88 -78 32 5 -71 -22 79 -8 -2 0 -62 -11 15 72 -1 16 -61 66 98 -95 42 26 27 -46 16 -94 68 -51 -77 -20 13 -64 -44 -28 55 -39 -29 77
3 -44 50 56 83 55601 82 -90 33 82 94 -45 89 -99 -65 -21 -80 44 -33 20 -62 -65 76 56 2 60 -77 -30 52 -6 80 45 91 -61 35 -83 -57 47 19 -73 16 -41 -71 -44 99 95 77 -91 19 -100 98 100 -18 -52 -49 -66 -43 -73 -75 -57 9 -75 25 -86
-5 51 -27 98 30 -93 60840 -4 99 -90 17 -8 -88 -10 -25 -11 -52 -52 7 14 -46 3 4 54 43 20 -39 69 65 7 -41 9 46 24 -26 62 -92 78 -77 82 -77 89 100 86 -67 -54 -50 -46 -36 -33 -27 -20 37 77 -44 -97 -96 -60 77 9 16 1 96 -69
7 75 62 -11 58 -84 -16 40499 -2 -62 -71 55 -59 -84 -49 -25 51 4 -84 93 -47 -16 -90 16 75 -65 -44 -40 -81 -24 88 80 -58 61 79 -9 -49 13 -41 1 -6 97 -59 -93 31 51 -4 -7 89 -59 6 -36 -100 65 95 -70 -81 -51 56 6 -55 -64 -46 -65
-18 95 -7 22 -65 -81 -85 -33 15295 -20 83 -15 -53 22 -88 -93 -64 -2 -76 -40 38 -57 74 29 -60 30 -52 26 -38 -16 -50 37 57 55 -90 -44 3 -50 -31 70 -46 -15 -37 3 19 -74 39 46 41 -84 53 6 -59 82 -27 75 88 62 -42 59 -78 -53 -40 -49
12 -33 -75 -10 20 -61 2 43 -30 44287 -77 35 -6 84 -65 74 1 -36 -51 -41 83 4 -39 -65 -90 -66 30 79 3 -84 -6 63 -14 47 -7 -86 -13 5 -75 -79 74 -49 32 -65 -66 43 99 -87 22 -87 65 -52 -84 -86 -87 -69 75 -37 80 99 -34 48 19 84
-43 41 -93 -60 89 49 24 65 50 82 25011 -48 -26 51 29 -15 -75 41 66 64 -84 75 -85 -74 74 13 26 -70 -60 -16 16 88 -56 25 96 -78 43 76 89 -43 45 -95 -92 50 -92 -23 21 59 -52 8 2 91 75 67 76 -10 -62 -39 -93 -19 4 -9 -60 -91
-78 -58 93 66 -20 -74 -89 -82 69 94 85 61903 43 -40 -66 -22 -87 -24 6 -53 -95 32 59 -55 -12 98 46 90 -96 -82 0 -99 -12 13 -67 -22 77 -100 -9 -70 -36 -70 27 80 39 -40 -93 31 -97 -70 -10 -63 65 -40 -98 49 -87 -21 99 62 39 16 -71 59
59 -78 -34 95 81 -74 -80 100 -24 34 -92 -76 55847 -27 100 100 40 -5 -18 17 24 89 65 -36 15 -88 -59 9 -44 53 -62 35 -94 -69 -18 1 6 -23 -28 100 35 9 34 70 90 -30 -48 45 -57 -40 -92 42 -81 -26 -30 -98 -77 88 12 -80 5 -1 -36 -82
32 -62 -15 -76 -16 -48 3 -60 44 -16 -81 -39 -55 29088 -67 79 -78 16 -27 97 -20 48 99 67 -38 91 -38 -45 -47 -73 74 52 9 -70 -71 88 67 47 -20 -63 97 -54 -53 54 30 29 94 -22 30 86 -85 57 -97 -33 48 -55 -44 90 46 -69 41 -42 -100 15
72 70 20 36 65 -100 -14 -93 -30 -57 0 49 59 58 47102 -15 -5 67 68 40 47 -91 -62 -40 -35 -71 37 13 74 68 32 -38 28 75 -8 22 26 48 -88 -10 -70 31 81 -20 -75 63 33 -58 46 15 98 -49 -33 26 33 -34 -82 68 -79 -69 -55 -49 -18 26
-1 -5 -25 5 15 16 -67 -75 -8 39 38 6 2 -61 85 27596 -95 -51 23 61 -61 -54 6 10 -100 -80 -5 58 -15 46 22 -83 98 47 22 -70 -75 72 -19 59 -24 -66 -78 95 7 -81 -71 73 64 -99 -60 -62 -61 -48 -63 22 96 -98 -25 -36 -18 3 55 29
-38 95 -99 39 13 61 5 -10 -67 17 -18 -93 -85 -8 76 -82 42049 33 57 95 56 -60 32 100 36 -59 62 -2 -89 41 -22 -22 -54 -4 -55 -7 85 -17 82 52 82 66 10 1 -16 -83 -27 -39 -72 75 72 31 -56 -91 -90 85 17 -60 0 -26 -14 -9 -93 -96
90 23 64 99 38 41 75 -74 -46 88 67 42 0 81 31 -40 5 9372 -71 24 -24 -61 32 -65 -72 -75 -64 67 -61 -22 5 -34 -88 -100 15 -47 65 -62 -71 0 -92 76 -48 -28 -76 -78 -90 68 27 -3 -88 10 23 -58 13 71 -1 15 23 -88 29 -23 -97 -10
42 68 -94 -39 -90 89 -49 -35 13 -88 18 -1 -31 -86 -1 -16 97 12 12558 -14 -80 -59 -43 44 98 7 -47 -74 -81 32 2 92 33 59 -59 61 -37 80 -51 -21 -59 57 -30 -71 48 77 -78 83 12 98 -74 -77 28 6 -58 46 50 -65 40 92 72 95 -35 -81
-20 21 -39 -30 -68 68 45 -35 91 -100 46 34 -41 -70 -5 78 48 82 -85 13110 -83 -5 -10 96 -94 -55 35 -58 53 31 7 -72 -35 34 9 2 -92 26 43 -9 -5 -82 -91 4 39 23 -40 -34 78 63 -45 47 -85 -25 40 49 -76 29 -23 -54 -81 92 78 -100
30 86 66 2 -13 13 5 89 -37 -9 7 10 -65 99 77 -85 67 95 -65 -56 13961 14 -16 -89 1 94 -61 12 27 -78 71 -25 -12 -35 -18 25 -58 -91 65 -15 68 42 -80 78 -32 90 -93 51 76 -46 58 -76 -90 -20 28 97 -57 -19 10 94 43 -15 -25 -19
60 80 81 67 -77 36 -21 68 -80 -45 -1 78 78 10 -98 -73 23 -20 -41 0 53 45917 57 -77 -48 -37 -17 -13 54 9 -95 -23 15 64 39 -66 -79 81 -12 0 -55 -70 51 92 -1 -93 -80 90 43 9 29 41 -53 2 18 -80 25 63 41 25 56 78 -37 3
19 -6 84 31 33 -17 -75 74 90 97 1 -99 -67 82 -96 -51 41 -34 62 55 -24 -72 14819 45 43 10 34 8 28 -70 21 -69 51 -42 72 18 1 48 -42 38 -24 -99 -26 67 -70 7 46 -5 -54 -48 -90 16 -40 -35 70 3 10 46 23 -20 -38 42 10 76
-86 32 1 -100 -54 35 3 -10 -44 11 59 -84 93 -68 24 87 -32 51 46 53 45 -50 48 13831 86 -91 50 55 -93 73 -18 -97 74 53 56 -84 -63 38 -79 -16 -64 -66 -17 39 -95 22 -71 -62 -37 1 -83 100 -21 -87 80 86 72 28 -88 -52 44 36 5 93
-66 99 -10 63 -91 -68 90 -72 -83 13 -10 -39 62 -39 51 52 70 64 -22 -28 18 31 18 -91 44337 88 -24 100 11 -97 54 51 17 38 65 64 1 23 73 -4 -75 -27 14 -71 54 -55 2 3 44 -17 33 68 62 95 96 22 -99 51 36 7 -62 -59 -28 67
-64 -89 -5 -38 -50 94 57 -29 -64 91 -1 47 -69 2 43 100 3 23 -22 98 -68 30 34 13 62 30571 -65 -42 -32 -65 28 -76 -66 -75 10 -32 -47 3 -96 36 -16 55 23 74 97 -89 -52 66 -42 76 56 -88 87 90 -21 -72 -80 -99 45 28 -91 86 -82 83
-77 78 -83 -98 -72 -5 84 -92 -16 63 -30 35 63 -84 87 13 -87 -48 65 69 -70 4 34 12 -15 66 13904 -92 53 -91 7 66 -89 43 68 -60 -46 -49 -27 37 -35 93 84 34 46 -92 -77 13 -60 -53 -33 -36 2 81 73 33 28 -13 30 -59 48 -83 24 62
-1 -67 -80 -71 -18 -75 97 3 -3 -98 35 23 68 15 -86 -76 -15 -18 -58 -27 -74 37 -16 38 25 -98 -76 40224 -56 -98 10 7 -18 80 -20 66 47 29 86 19 -32 -50 -75 -55 92 80 62 74 18 0 -65 -17 16 48 -48 -42 17 58 -25 81 -67 -35 -43 -92
-64 -86 -32 55 23 -91 -13 -52 -37 -91 40 70 -7 -61 54 -79 36 -60 48 17 -31 -45 16 -54 85 -71 -15 70 11186 39 96 -91 54 -47 -84 80 -9 71 29 42 78 -60 -95 10 -11 82 32 97 34 -65 43 -97 -78 1 -81 -83 -80 -58 -17 -52 -7 -60 68 17
66 3 87 98 3 16 14 -13 35 66 60 -81 -27 -36 23 -70 50 -39 -84 42 3 -95 -29 -56 96 -24 26 55 -90 25897 -60 24 -30 -33 -34 100 80 -51 50 -18 -62 -69 86 -48 -92 59 57 18 18 19 89 43 35 16 6 78 -22 -34 26 70 22 -100 -46 59
96 -25 39 79 2 -26 30 -60 -71 -53 -48 7 57 20 88 68 -98 -99 52 -56 -52 -44 18 -60 81 -66 12 63 -51 -35 25041 51 -28 -26 -21 -39 -28 -12 100 -27 -93 78 8 -65 20 -32 13 -85 41 -5 -36 -84 36 3 97 -2 17 92 5 -62 64 -72 68 -7
71 29 29 61 19 74 5 3 64 -5 -77 37 -96 -10 25 -76 -48 3 61 -5 -73 -70 76 -11 10 72 -73 7 -44 8 -20 31902 -87 -21 -58 49 8 -62 11 -80 29 10 83 8 8 -2 47 48 -69 -71 63 -19 -10 19 75 5 94 62 23 87 67 4 -89 -4
-65 -14 67 -73 85 82 77 17 32 37 34 89 -56 -11 2 10 93 9 63 83 -18 60 -8 -94 83 -88 90 95 45 -39 -30 0 21298 69 -50 4 82 84 -64 99 44 65 70 -28 -56 65 19 64 -27 76 -68 63 -90 -45 -1 -15 -79 48 -44 -61 38 -30 29 -51
-22 -52 9 -86 73 -76 -69 41 36 -55 -40 79 -38 29 -14 69 -81 2 -35 60 43 -37 -9 9 11 42 -17 -59 -28 -25 11 -95 -60 40128 91 48 94 51 -5 -38 45 -52 -94 94 -73 21 -50 74 53 -5 -85 12 77 75 2 -62 -61 80 -98 -24 99 -16 -67 -48
-17 -64 99 -34 -92 -38 31 -3 68 -33 90 -26 28 47 -39 94 -92 58 15 74 -92 -13 -7 -80 -81 -5 22 -96 -88 -100 -72 -50 6 30 49886 8 18 62 78 43 54 -47 -96 45 0 89 60 -72 -4 -97 -43 -2 99 30 -94 -100 -39 42 16 54 18 -37 73 32
-32 -40 17 20 -58 98 -50 -85 42 -49 74 -22 0 -35 42 -1 -56 -63 62 -62 -9 -19 8 -18 21 85 -99 16 -79 49 -55 -2 59 27 92 28570 21 90 34 51 -11 -53 14 -99 18 -31 21 84 100 -19 -6 -49 -71 50 2 84 43 8 67 -13 63 -23 34 -84
-74 -33 -56 36 25 -54 -91 16 32 -76 -26 -25 -24 -57 -64 -70 -54 -1 13 27 85 46 6 -89 2 -86 82 78 71 -71 -92 20 16 10 16 26 28620 84 63 -27 57 34 -68 -24 -29 -77 -52 -75 -55 23 -66 20 -8 51 -58 3 -49 3 -82 24 86 -38 19 -55
-61 -91 39 99 -99 4 -21 -76 66 -94 -23 97 33 48 57 -21 -51 -25 44 -40 34 70 30 75 -89 -59 -39 -92 -29 88 31 52 29 66 15 79 31 29458 97 44 61 -74 31 75 66 86 51 -47 -54 -81 -73 -99 83 -32 40 -74 -4 -3 -62 -86 72 -84 -72 -99
35 -54 -81 56 -78 -68 79 -74 -57 13 70 25 -100 18 71 76 -61 85 9 -79 77 39 83 60 8 -14 19 -86 -69 3 11 49 -70 42 6 -86 -92 21 27965 41 -87 -33 6 -70 86 -1 25 60 -11 -54 -69 -7 -42 -59 -32 25 -60 23 -10 -2 -49 -95 -98 -22
96 -75 -12 28 88 93 4 29 68 -99 -7 38 5 -92 23 68 -60 95 -85 66 -11 -71 80 -73 28 87 97 -47 94 29 65 69 80 -27 36 -81 82 39 -40 60603 98 -61 -20 -72 -83 -8 94 -93 53 90 -99 67 -13 8 -53 -80 79 -94 21 92 30 77 76 -12
17 -62 -47 39 78 90 -38 -4 33 -32 42 -57 -92 -53 31 -71 79 54 29 -42 -68 74 32 14 -36 10 0 -92 92 78 -93 61 39 55 67 62 -28 30 29 31 56668 18 -15 -64 19 -94 89 35 -55 -74 62 -22 78 -68 -81 11 15 -58 -44 65 -52 85 -27 19
-38 44 -58 58 9 -33 -96 -39 72 -16 -83 12 -61 -80 95 -95 -7 31 88 44 16 0 29 -45 84 -83 -42 -74 -47 -46 -37 -12 60 -26 30 44 23 -21 25 -75 35 63116 53 30 76 39 73 81 97 78 19 -41 42 -60 -70 -46 -58 -18 89 -61 -43 40 32 -14
46 12 -72 19 62 -6 -57 55 34 -51 -45 73 -2 -28 38 24 -83 20 -66 -3 12 -19 83 -47 -73 -28 67 -56 88 -55 -75 -25 85 84 -22 56 24 30 55 -64 -31 -52 48997 19 53 35 -95 -33 8 16 -34 -28 -95 68 -55 14 -91 -100 1 -4 -70 -73 71 -43
51 79 49 80 -64 83 47 -79 60 28 36 -41 -56 54 -19 -75 -63 7 92 91 15 -41 -65 70 -28 -31 -61 -61 100 -39 -80 59 100 -23 -40 -48 52 -73 85 84 -5 -90 -61 49362 -59 -29 -92 66 -12 -7 -94 71 -10 -79 -16 36 42 28 -45 60 2 11 9 -63
-35 -41 -30 -99 16 -1 -39 -77 -78 91 -68 11 -94 62 17 99 -44 24 -19 46 50 6 36 99 -56 -91 -92 -98 -50 8 -63 -67 76 55 71 -79 6 -62 88 -51 79 93 -82 66 13437 -73 97 -37 5 76 -79 -83 68 -45 -57 -83 -58 -47 2 47 11 7 -100 -56
60 -99 -78 -37 -53 -26 -47 60 -34 30 73 -98 53 -52 75 -57 96 43 -3 6 -52 -50 -35 64 55 23 -41 27 72 14 -52 9 50 78 -44 -30 6 79 25 22 1 86 -86 89 -9 61542 -98 40 13 21 0 15 -91 -31 -60 83 97 -54 -45 -1 42 -28 -5 -55
-64 -59 65 47 -87 83 -18 -31 -25 -90 -51 76 38 13 95 -39 -16 61 54 -60 -8 -14 13 -83 73 94 2 33 38 -24 69 89 31 46 62 76 65 99 -36 -54 66 11 25 59 -55 59 55075 8 -67 9 -42 -22 -29 11 -82 -35 36 -75 57 100 23 47 77 -84
-53 -19 87 24 3 -12 46 -22 -5 67 -16 -95 34 -94 -54 -66 63 -78 -95 45 -8 28 -12 68 -8 -8 -75 -76 -86 -13 8 -46 -52 -39 -67 -41 -87 86 -18 54 -85 -83 86 33 67 72 48 58838 -35 94 -45 5 26 46 -19 -18 59 34 61 -33 -18 -29 -21 -72
-55 42 -75 -92 95 -31 16 87 -82 -66 46 86 67 41 -40 -14 -25 33 72 43 54 4 -13 -40 -98 88 -81 -24 29 -67 65 -26 -34 10 78 -31 -75 82 -53 28 -61 -43 8 4 -29 75 -56 55 45058 -26 -79 -94 60 22 -12 59 -38 20 12 -68 31 4 79 -10
-74 -82 73 -26 -41 70 -88 -76 59 -68 4 -64 -26 -73 -46 -46 62 99 -86 93 -52 -37 91 50 70 -92 85 95 -35 -96 -80 83 24 -65 -87 67 -37 55 65 -23 14 -99 78 82 -46 73 2 49 -62 43833 -58 -56 41 -30 -5 33 42 100 17 -65 30 96 43 -59
38 69 -8 99 -68 -31 -97 -91 -99 -36 34 -39 47 -47 -42 2 -52 12 21 -33 -2 -85 -40 41 91 15 78 -22 99 99 -99 -1 97 -30 -23 -50 -32 -100 -72 41 19 -30 -44 -68 23 4 -12 51 -90 -4 62375 96 -42 -49 -71 83 -87 -27 -42 -77 -34 58 12 5
59 -38 68 -73 56 -9 63 18 -48 70 -69 -12 82 -46 76 83 -95 85 -85 26 60 -14 -24 29 -18 68 -78 -25 79 -23 75 -18 53 78 -13 80 -22 90 -46 -46 16 77 36 33 -84 93 -69 30 11 49 80 38598 38 -89 -83 19 -93 -92 -80 70 -58 -78 -81 91
-27 -18 -51 -69 24 24 -29 -87 43 41 -96 35 35 -43 48 84 -55 -100 -77 -68 -69 -27 28 5 97 -64 58 31 -12 71 34 63 -32 49 -66 7 -94 -12 52 44 79 -67 67 92 -79 59 -13 89 20 -67 33 59 20651 -37 88 89 -77 6 -59 98 -25 93 -59 -71
-87 -80 -75 32 -3 82 58 -26 15 -62 36 75 26 85 -65 45 16 55 -84 70 -52 45 -79 -63 92 -93 62 -81 5 -67 -39 -66 72 -29 -79 -99 -30 -45 -15 38 -66 -87 -39 68 73 -80 32 -41 100 97 -80 -56 76 20323 40 48 -56 73 -91 64 -19 63 51 -13
-78 -100 -30 -60 -29 27 -35 -36 -70 49 -56 -62 33 -54 -11 -75 13 85 -45 -38 16 -49 59 21 82 -90 15 61 -64 -63 60 -31 -54 75 79 -77 15 -34 -53 48 -45 59 -52 -71 51 -9 70 58 -80 -89 -52 -59 -85 12 57644 -100 84 -33 94 -25 88 -100 94 -13
13 3 30 -79 -4 -37 -95 -35 -34 36 -10 14 43 61 47 -38 12 -95 -61 -68 -78 86 82 21 -61 22 -52 24 50 -96 82 40 28 -75 83 -47 77 90 -24 95 63 3 91 -30 -24 68 -29 -59 7 77 -81 29 97 -57 -23 29244 -83 65 -4 65 92 -86 -30 20
-62 -92 -18 91 22 64 92 3 -39 5 74 90 -86 20 -67 87 95 -20 -79 34 40 -16 75 46 94 52 -1 -79 -33 -45 -21 -71 -93 73 -24 10 74 -90 0 -25 -76 88 -56 9 63 68 -53 -13 73 89 4 -44 74 -54 -13 32 13863 11 -93 91 94 -84 -76 -46
-42 91 52 29 -53 -8 53 51 -13 -91 4 40 28 -30 6 -28 97 -75 23 -56 16 -4 -27 33 11 17 -39 70 89 45 -44 9 -82 19 19 -15 47 -4 -22 9 70 47 68 -3 -77 -72 80 -84 36 -62 -12 -57 -67 70 -72 17 -87 27294 -15 -85 -15 46 8 77
64 4 41 29 -40 -78 -14 2 60 32 39 -68 -27 38 -19 23 -72 29 -54 75 66 -54 -87 -5 80 77 56 -60 26 -49 85 -23 59 -66 91 97 -28 4 72 75 -52 -53 66 57 -10 85 -55 -51 50 28 5 -81 41 58 -82 -50 -34 -2 45615 -9 -9 -43 9 74
65 -52 80 -34 -52 -86 86 59 -54 -16 86 -61 23 25 94 38 -61 4 -28 -52 25 -30 -44 -85 -42 -61 61 69 45 -51 19 -35 28 9 47 30 9 -60 92 44 62 56 -65 -17 44 -53 -86 25 -77 82 -49 -21 -70 -57 -54 -89 -60 -27 67 47316 38 94 62 -23
15 26 -97 -87 -18 -34 -76 0 -19 -72 -62 -15 4 -31 -10 -7 -83 -31 -3 -50 36 -84 2 91 -92 54 -67 14 -28 -45 59 -97 54 6 -11 -31 -10 25 71 -93 68 -54 21 -48 97 -64 -40 -12 55 -92 100 -67 -75 -42 -26 94 -68 21 -90 45 26792 20 -73 -54
-34 -25 -13 45 3 31 46 77 -68 -55 -57 -28 45 3 86 58 -19 -69 -60 -100 -49 90 -53 68 -1 -34 47 73 40 -26 -44 99 -15 57 15 85 -69 -89 -73 86 -94 -44 66 -48 -74 -32 47 8 9 17 -79 -54 -4 -27 -25 -80 74 95 58 69 -6 55468 40 -55
66 -94 79 -75 60 -14 26 -53 18 71 34 63 -82 23 4 -49 -91 -91 89 -73 -93 30 70 73 -25 32 -51 98 -79 53 -2 -88 -1 94 86 88 -86 -23 -3 -58 5 -7 95 53 -76 98 -94 72 -13 13 -88 -48 62 -96 70 -7 5 -51 100 19 -42 -57 63442 33
92 -88 33 -4 -42 28 -30 7 -73 -47 37 53 -39 46 71 44 12 0 63 70 -99 -98 -10 95 10 -35 20 69 14 72 -27 7 73 -6 46 51 -67 5 -34 -98 -46 39 53 -65 -18 35 -1 -98 51 11 9 98 81 -37 37 68 90 32 -35 48 -92 98 71 60842
