9242 0 4 85 97 64 -77 -61 52 70 -4 -56 -21 36 -96 -4 -13 -91 -25 39 44 -44 -20 71 -67 80 -40 10 -95 -85 -76 36
30 13932 97 -8 72 78 -46 61 -72 73 42 -48 -28 4 -6 -43 50 -7 -61 -88 -39 -91 63 5 -33 -90 -71 -28 -30 94 76 -58
37 -91 6073 25 -35 4 18 47 -29 85 86 -10 59 -82 19 43 -21 -19 84 66 -86 90 -30 -31 -16 68 9 -94 -57 11 -52 -87
1 47 51 18809 39 31 -87 43 -36 -85 -55 -80 -65 -49 32 57 -34 -21 -93 2 -60 -22 -21 57 -85 -91 64 -70 -20 -95 -15 -13
23 -12 69 90 5782 -64 16 13 -94 -46 45 -63 -54 -87 81 -23 -20 23 45 30 1 -9 -74 99 -41 -51 79 -16 -68 95 -36 87
-81 -29 -91 95 -47 26956 -82 83 96 -83 66 69 69 -95 14 32 -68 16 -55 55 -17 37 -64 -29 17 -62 22 97 -75 -81 -60 -8
56 -45 -31 59 99 11 31970 52 -33 80 21 56 -77 -22 36 -86 33 -32 -57 93 -73 82 -79 -4 2 73 2 -66 -20 77 69 -47
38 -82 -79 87 -99 -68 -56 3440 88 -66 -15 41 8 62 49 14 63 41 86 63 -79 -8 11 12 -24 -12 87 84 12 62 -38 78
-14 -82 40 86 -69 50 13 -60 26168 -46 29 24 76 -10 -38 -8 93 -94 10 30 -23 35 -64 -51 55 98 -29 -39 91 68 76 -25
-1 -16 -68 -69 14 -42 1 -100 7 29089 59 -17 21 85 -52 -79 17 47 -90 -65 -19 -54 -99 66 -99 6 32 47 54 -25 71 63
-58 -39 -72 92 82 35 -69 -41 50 20 9775 -33 47 18 0 9 69 67 49 -99 -13 35 44 62 16 -34 67 87 -6 -14 38 95
-58 -5 69 44 -87 77 57 8 -98 56 -78 15651 -36 -44 42 -20 20 51 73 -2 99 35 30 -84 -36 18 59 20 83 -42 45 11
20 99 83 33 -79 -100 66 -80 12 -28 -97 -82 11848 34 -27 -87 71 49 78 23 34 -71 51 0 -68 -14 3 97 86 20 -48 24
-96 -30 18 19 71 7 -32 -93 -40 -46 99 42 72 12985 -43 -36 -26 35 -25 -84 -74 -47 63 99 55 -28 -33 99 -17 44 -61 86
-22 68 -37 -72 -26 7 -86 37 17 29 89 -83 58 -94 13525 -99 4 -80 9 3 -94 44 18 63 73 -25 -12 -74 27 13 -32 -86
28 89 -43 74 57 19 -36 41 -17 26 -78 77 42 11 -8 30513 -77 89 -70 25 -85 74 61 -47 72 -98 -97 59 -12 89 -85 -80
-56 -62 -69 31 -4 62 -7 -38 18 22 21 40 -93 70 -38 -55 26472 -49 -55 -85 -19 96 -82 70 -98 71 -51 -81 -71 -62 63 -90
26 -30 87 85 -53 -5 -68 86 51 51 -34 -63 59 -65 64 -63 -12 30071 42 -1 83 23 37 -25 -17 39 -6 -70 -18 -45 -40 -18
-75 83 4 -71 100 -84 75 80 12 83 63 52 -89 -6 10 -59 -14 -15 4927 -78 -32 99 -92 48 6 86 -25 70 49 -65 38 0
40 8 64 39 61 21 -47 59 32 16 -6 36 43 -95 -24 -81 -22 1 89 13458 -66 44 -53 100 10 -83 -6 98 -35 -11 -26 83
52 48 40 82 50 25 -64 -60 62 23 48 89 54 30 -75 5 -54 16 -93 26 6889 82 21 58 38 37 -98 55 -89 -100 -50 -63
24 -69 -53 -48 -71 -33 69 100 -68 67 71 -19 -29 39 23 13 -54 -93 11 -81 -95 6624 -84 97 -34 23 52 80 -46 88 5 -56
46 -89 77 -94 36 75 -78 -79 32 -96 99 -85 88 21 -79 -88 27 74 -65 52 87 -93 9817 -12 -60 29 -44 23 42 3 13 -88
-65 -26 -48 -65 6 95 76 43 94 -46 -79 -27 -8 36 -47 16 -10 23 -80 49 -32 -75 49 17181 -73 7 -35 -80 85 95 -26 -93
87 -68 56 -28 18 -11 14 80 58 -73 33 -78 77 12 -65 87 61 39 42 -10 84 76 99 -78 6947 89 89 17 -63 57 51 -93
-19 24 -48 -9 -72 -93 23 -18 20 62 -44 -98 79 28 100 66 -72 95 98 86 64 92 -61 47 86 29253 13 80 42 -1 80 72
27 -71 -47 -96 -98 -86 11 -4 -83 69 -51 37 -3 -61 2 -14 82 0 -8 12 -45 -36 -42 -53 49 81 7810 -70 74 86 51 60
85 6 -7 66 2 -45 -40 -56 6 -86 22 59 0 -21 23 -100 44 10 93 -99 38 -97 55 74 -17 72 83 12996 -28 96 83 8
-37 -83 50 -46 77 -61 -7 -83 98 5 62 -45 -98 -8 -70 -11 -46 51 -5 62 -55 -4 -96 85 -36 -90 61 -30 7549 55 1 6
89 -33 33 -52 -89 -6 -25 91 19 6 88 5 -8 20 39 81 -38 -62 -41 -59 -78 -78 13 51 -59 -66 -45 59 -79 10248 -43 54
36 89 -46 76 76 59 52 -36 -52 -36 53 88 2 -48 68 -49 77 -95 27 70 -19 -98 -12 5 -4 48 40 -42 80 84 12029 -6
67 -42 -55 39 78 27 83 41 -79 -13 -34 -38 86 -66 18 -34 0 29 -57 55 50 24 97 78 60 43 6 -75 3 34 82 27893
