-93
-79
-52
-88
87
-60
60
-34
-93
43
68
-31
-19
-15
-48
40
-78
-15
-45
-55
47
-91
17
-25
72
26
72
-21
12
-74
-37
-58
77
-10
59
25
-2
57
6
19
95
2
-12
-81
-14
21
-4
33
-59
-74
-61
33
-79
41
15
26
16
-39
22
-42
-35
83
-38
19
23
69
-20
-38
46
7
55
-67
8
-25
-67
66
93
36
70
59
74
92
58
-34
17
-51
12
-64
94
-75
-41
-36
84
14
-88
-4
-55
-90
-41
-38
34
69
90
32
4
11
38
-93
74
-75
74
26
-11
-38
-21
-41
78
-31
92
99
29
44
-37
-100
91
24
-85
8
-18
-57
-59
28
-88
-7
-96
-3
-81
62
40
72
58
-48
26
94
-30
-61
-48
-9
-80
-6
28
34
-2
-42
-19
-77
-82
43
-67
78
-38
44
-41
39
-70
75
-63
-65
-55
-94
-31
-23
-23
87
-71
33
76
32
-17
14
-22
11
-71
77
-35
-94
-8
19
51
-10
34
90
56
-95
-30
48
-66
-72
84
5
-44
-60
-49
40
-81
-71
-97
-84
-33
-54
-15
-47
-42
-65
-43
-77
-28
-17
37
-72
74
77
71
51
-73
-21
92
68
15
12
-13
-34
91
-4
-34
13
48
-72
-68
6
-9
63
-12
-70
86
59
26
66
14
-56
-43
51
50
-65
-60
-4
