11921 -30 -61 93 -99 -2 14 11 64 -40 -34 13 -16 -74 1 -7
-29 3896 10 -20 -86 -20 -23 81 -91 -54 -70 -98 34 98 11 -80
-65 -7 5499 19 -18 14 -74 3 11 -18 -35 -66 -14 76 21 66
-13 -31 73 14977 -87 82 -84 -77 57 -45 90 -12 64 12 51 52
83 57 33 74 11644 -45 2 41 -53 47 88 -20 25 -44 1 -79
-89 -2 67 -33 -25 5599 59 -99 -14 26 -32 -90 -73 -35 3 -61
60 -30 -53 -53 -98 -13 6971 -93 29 -92 -52 -29 54 -14 6 62
21 -3 -84 -83 3 -76 55 13874 -60 -84 -53 -59 56 44 -97 -27
77 -64 83 2 74 96 -60 -97 14821 71 -33 32 -59 -65 -13 16
40 82 -55 -10 -13 -59 89 -1 -73 4742 98 -41 -14 -8 -59 60
-12 -58 57 -29 89 7 87 -96 -87 40 11517 -59 23 -63 -25 24
97 62 -86 -9 43 -12 -75 -76 54 -26 90 13627 81 40 87 -47
-45 -93 -39 -32 -34 -53 -16 70 88 -56 33 49 9315 -53 65 45
-9 83 75 -46 49 -55 62 41 -51 -80 -33 -40 94 4144 58 -22
-51 60 48 -81 -10 -65 1 -99 -50 -37 -41 -88 -28 79 7536 -14
41 96 -15 -17 7 -90 38 -44 -20 -55 -23 -91 63 71 -82 8720
