10157 -48 36 -66 -95 69 7 -51 -40 3 49 63
51 11635 65 30 17 19 64 -90 79 -39 65 -9
-22 38 11593 55 29 29 33 66 21 40 -28 -85
-75 48 14 2894 16 -53 -30 -85 -67 -90 -25 20
51 25 -69 -100 11592 -36 91 -94 85 4 -67 -64
53 -100 96 -29 76 5440 -79 -86 6 -4 61 -40
58 73 75 -11 54 58 5000 16 85 15 97 -84
-97 -76 -32 85 58 -51 -3 4032 51 73 -80 -20
22 -13 -83 -80 -48 53 77 17 2774 -19 -70 13
-87 -21 65 -52 -73 -78 93 -56 50 10871 84 -69
34 29 -80 -45 -17 -49 -95 75 -10 -71 11458 -43
-19 -78 38 8 35 14 -91 -40 -4 -32 48 11804
