56
57
-84
30
-73
40
97
-83
-27
54
13
71
92
-9
-40
-84
-8
45
-20
-96
16
35
-46
67
-90
22
-70
13
-75
-10
-62
-71
52
-49
49
93
45
47
-34
89
97
58
-47
-61
-71
-33
78
-37
17
10
19
-76
40
-4
-53
-44
-58
-87
-25
80
-40
-58
-96
-31
32
-47
-79
13
-2
-67
58
44
-56
-27
-72
10
-90
-28
85
89
86
94
-96
-87
46
35
11
11
-38
-63
-59
-86
70
97
77
-98
-7
55
-72
-9
42
-47
70
-32
-5
-17
-29
-39
68
45
-57
-54
-57
-32
16
43
19
-62
-27
63
-75
-91
-3
43
-9
-45
21
-10
88
33
22
-3
-8
-6
41
-4
-11
74
-25
8
4
17
26
-93
-63
0
19
33
92
8
-45
48
-44
57
-12
-50
-60
52
77
-77
-55
61
-76
98
68
-59
-93
3
-13
26
-83
-15
-53
-28
-29
-52
39
20
45
94
92
-42
-57
29
87
-63
-14
-77
-19
7
-47
-48
-87
16
29
32
-14
2
-6
88
-78
-74
55
-74
22
-97
-37
29
14
62
67
-49
-39
-69
24
-41
-50
6
-85
-21
99
-57
23
48
81
-47
58
44
-99
-83
-5
93
62
-82
71
-15
65
-38
-18
-68
16
76
73
-4
-13
27
56
98
65
-68
33
-20
-52
-100
-78
67
-7
17
-9
20
-91
51
-14
58
-1
55
-27
79
-79
-92
-87
-29
16
80
-90
-52
-20
-53
22
-26
-15
-72
43
50
80
16
-50
-70
31
-76
16
-72
-78
-21
48
41
88
-35
95
21
91
-95
11
-52
-2
-15
-72
96
14
-80
86
-83
71
95
72
3
66
11
19
-18
61
39
-67
11
-45
-87
48
36
-98
-23
35
-24
18
94
60
30
-71
50
-45
68
92
-24
-50
98
44
-91
-47
49
47
76
-38
90
-94
57
24
-77
-5
65
-77
61
63
-82
-13
-55
-50
72
54
23
5
-28
2
-13
-23
43
56
-41
65
-74
15
-88
1
23
55
-55
23
-1
66
64
-9
-12
13
-68
48
17
83
-28
31
56
-34
23
44
-98
-15
-100
-86
-52
24
-10
-42
13
42
-21
-43
-59
-45
72
73
38
0
-68
-96
-20
29
-29
68
13
30
85
-92
99
71
-31
100
-45
60
-42
81
70
5
59
-54
85
82
-24
-4
-97
-31
17
5
87
-64
36
49
60
-83
-2
20
-23
51
-95
51
-43
2
-81
97
11
81
9
-73
-70
-15
34
-29
81
48
-41
-58
-13
-82
64
57
-90
68
-19
-25
-15
99
-96
-72
49
90
86
51
70
41
-9
-85
64
68
3
-22
-87
97
25
54
77
-85
-27
-100
48
-75
34
-4
80
87
-3
18
-60
57
68
-56
9
100
-48
-62
-17
-72
-55
-45
29
-47
93
-40
84
-2
100
-8
94
-34
-83
0
30
-53
-42
3
72
-49
55
10
-65
2
-6
70
-24
-65
-19
-63
37
-98
-33
-20
55
3
-46
92
32
-76
9
-2
-82
72
-88
37
-55
-58
-48
90
11
23
-28
-82
18
98
49
-39
22
7
38
-13
-46
56
-22
5
-21
86
-27
31
-7
12
22
-51
30
66
83
70
-67
-22
-36
-52
-27
67
-25
75
68
-100
-5
11
-72
-70
22
-6
-55
13
46
-56
-52
90
73
0
-40
24
37
16
5
60
8
52
-20
77
-43
66
43
6
94
55
22
45
1
57
-43
37
-46
-8
-91
45
95
-59
-65
-7
33
43
7
54
82
88
-62
35
13
-56
90
54
-35
-93
-35
-18
28
-63
-16
-54
-9
87
14
84
-88
-69
90
50
-66
-81
47
17
-15
-19
-96
62
-51
59
52
0
-87
-55
-3
-16
-51
55
-82
79
4
62
75
13
-41
78
-48
-25
89
10
37
-48
77
-5
19
-76
4
-83
89
78
-65
24
-39
-85
66
20
-19
44
-86
20
16
-10
17
44
61
95
69
2
3
-93
-87
15
-38
63
12
23
11
5
-58
55
20
76
-41
-15
83
87
-62
31
-43
-55
41
61
-21
100
-62
100
-25
24
50
97
85
44
47
22
15
93
-16
-58
75
100
40
-82
-12
-85
-71
-58
-22
84
-78
-48
49
-96
54
-19
-94
-5
21
5
-42
65
29
-1
11
-31
-8
-97
80
32
-74
61
85
-83
10
57
66
-91
-83
41
-21
-29
74
86
92
19
11
81
-25
-90
-62
-63
18
47
35
-74
20
63
-49
-41
4
-56
97
-34
47
45
65
-40
-68
-54
52
-15
-59
-66
18
-38
-90
97
76
-35
61
-58
17
-60
76
-71
69
-13
48
-36
-14
-24
-91
-86
-23
40
62
79
88
72
-17
49
67
-66
-36
13
37
-24
67
-77
-75
-59
-13
-18
-24
80
-79
-83
-68
-41
-67
-50
74
-34
81
17
5
-76
25
58
-68
-21
73
-82
-54
10
45
-77
-41
-80
-24
-96
-76
7
-42
-74
95
27
-16
10
83
-72
68
24
26
-70
67
11
47
-30
46
-55
-87
52
93
28
50
99
78
-46
-9
-24
53
62
-71
-63
98
-4
15
2
83
-74
-72
63
84
-75
13
-94
5
39
-64
-46
27
-91
-73
84
-91
32
70
62
-84
74
67
-53
-20
97
89
-28
-11
31
53
87
50
60
-99
